20180622,142
10001025,510050C6A02700,50ETF购6月2651A,510050,50ETF,1806,2.5920,10185,2.6510,20171026,20180627,20180627,20180627,EC0N0010E   ,2630.17,12.00,7.00,1,1,30,1,10
10001026,510050C6A02750,50ETF购6月2700A,510050,50ETF,1806,2.5920,10185,2.7000,20171026,20180627,20180627,20180627,EC0N0010E   ,2088.33,12.00,7.00,1,1,30,1,10
10001027,510050C6A02800,50ETF购6月2749A,510050,50ETF,1806,2.5920,10185,2.7490,20171026,20180627,20180627,20180627,EC0N0010E   ,1858.15,12.00,7.00,1,1,30,1,10
10001028,510050C6A02850,50ETF购6月2798A,510050,50ETF,1806,2.5920,10185,2.7980,20171026,20180627,20180627,20180627,EC0N0010E   ,1854.08,12.00,7.00,1,1,30,1,10
10001029,510050C6A02900,50ETF购6月2847A,510050,50ETF,1806,2.5920,10185,2.8470,20171026,20180627,20180627,20180627,EC0N0010E   ,1852.04,12.00,7.00,1,1,30,1,10
10001030,510050P6A02700,50ETF沽6月2651A,510050,50ETF,1806,2.5920,10185,2.6510,20171026,20180627,20180627,20180627,EP0N0010E   ,3840.15,12.00,7.00,1,1,30,1,10
10001031,510050P6A02750,50ETF沽6月2700A,510050,50ETF,1806,2.5920,10185,2.7000,20171026,20180627,20180627,20180627,EP0N0010E   ,4299.50,12.00,7.00,1,1,30,1,10
10001032,510050P6A02800,50ETF沽6月2749A,510050,50ETF,1806,2.5920,10185,2.7490,20171026,20180627,20180627,20180627,EP0N0010E   ,4798.56,12.00,7.00,1,1,30,1,10
10001033,510050P6A02850,50ETF沽6月2798A,510050,50ETF,1806,2.5920,10185,2.7980,20171026,20180627,20180627,20180627,EP0N0010E   ,5294.57,12.00,7.00,1,1,30,1,10
10001034,510050P6A02900,50ETF沽6月2847A,510050,50ETF,1806,2.5920,10185,2.8470,20171026,20180627,20180627,20180627,EP0N0010E   ,5799.75,12.00,7.00,1,1,30,1,10
10001041,510050C6A02950,50ETF购6月2896A,510050,50ETF,1806,2.5920,10185,2.8960,20171027,20180627,20180627,20180627,EC0N0010E   ,1852.04,12.00,7.00,1,1,30,1,10
10001042,510050P6A02950,50ETF沽6月2896A,510050,50ETF,1806,2.5920,10185,2.8960,20171027,20180627,20180627,20180627,EP0N0010E   ,6287.61,12.00,7.00,1,1,30,1,10
10001049,510050C6A03000,50ETF购6月2946A,510050,50ETF,1806,2.5920,10185,2.9460,20171108,20180627,20180627,20180627,EC0N0010E   ,1851.02,12.00,7.00,1,1,30,1,10
10001050,510050P6A03000,50ETF沽6月2946A,510050,50ETF,1806,2.5920,10185,2.9460,20171108,20180627,20180627,20180627,EP0N0010E   ,6799.91,12.00,7.00,1,1,30,1,10
10001057,510050C6A03100,50ETF购6月3044A,510050,50ETF,1806,2.5920,10185,3.0440,20171114,20180627,20180627,20180627,EC0N0010E   ,1851.02,12.00,7.00,1,1,30,1,10
10001058,510050P6A03100,50ETF沽6月3044A,510050,50ETF,1806,2.5920,10185,3.0440,20171114,20180627,20180627,20180627,EP0N0010E   ,7827.58,12.00,7.00,1,1,30,1,10
10001065,510050C6A03200,50ETF购6月3142A,510050,50ETF,1806,2.5920,10185,3.1420,20171120,20180627,20180627,20180627,EC0N0010E   ,1851.02,12.00,7.00,1,1,30,1,10
10001066,510050P6A03200,50ETF沽6月3142A,510050,50ETF,1806,2.5920,10185,3.1420,20171120,20180627,20180627,20180627,EP0N0010E   ,8822.65,12.00,7.00,1,1,30,1,10
10001071,510050C6A03300,50ETF购6月3240A,510050,50ETF,1806,2.5920,10185,3.2400,20171123,20180627,20180627,20180627,EC0N0010E   ,1851.02,12.00,7.00,1,1,30,1,10
10001072,510050P6A03300,50ETF沽6月3240A,510050,50ETF,1806,2.5920,10185,3.2400,20171123,20180627,20180627,20180627,EP0N0010E   ,9774.95,12.00,7.00,1,1,30,1,10
10001115,510050C6M02800,50ETF购6月2800,510050,50ETF,1806,2.5920,10000,2.8000,20171128,20180627,20180627,20180627,EC1N0010E   ,1820.40,12.00,7.00,1,1,30,1,10
10001116,510050C6M02850,50ETF购6月2850,510050,50ETF,1806,2.5920,10000,2.8500,20171128,20180627,20180627,20180627,EC1N0010E   ,1818.40,12.00,7.00,1,1,30,1,10
10001117,510050C6M02900,50ETF购6月2900,510050,50ETF,1806,2.5920,10000,2.9000,20171128,20180627,20180627,20180627,EC1N0010E   ,1817.40,12.00,7.00,1,1,30,1,10
10001118,510050C6M02950,50ETF购6月2950,510050,50ETF,1806,2.5920,10000,2.9500,20171128,20180627,20180627,20180627,EC1N0010E   ,1817.40,12.00,7.00,1,1,30,1,10
10001119,510050C6M03000,50ETF购6月3000,510050,50ETF,1806,2.5920,10000,3.0000,20171128,20180627,20180627,20180627,EC1N0010E   ,1817.40,12.00,7.00,1,1,30,1,10
10001120,510050P6M02800,50ETF沽6月2800,510050,50ETF,1806,2.5920,10000,2.8000,20171128,20180627,20180627,20180627,EP1N0010E   ,5218.40,12.00,7.00,1,1,30,1,10
10001121,510050P6M02850,50ETF沽6月2850,510050,50ETF,1806,2.5920,10000,2.8500,20171128,20180627,20180627,20180627,EP1N0010E   ,5717.40,12.00,7.00,1,1,30,1,10
10001122,510050P6M02900,50ETF沽6月2900,510050,50ETF,1806,2.5920,10000,2.9000,20171128,20180627,20180627,20180627,EP1N0010E   ,6211.40,12.00,7.00,1,1,30,1,10
10001123,510050P6M02950,50ETF沽6月2950,510050,50ETF,1806,2.5920,10000,2.9500,20171128,20180627,20180627,20180627,EP1N0010E   ,6709.40,12.00,7.00,1,1,30,1,10
10001124,510050P6M03000,50ETF沽6月3000,510050,50ETF,1806,2.5920,10000,3.0000,20171128,20180627,20180627,20180627,EP1N0010E   ,7206.40,12.00,7.00,1,1,30,1,10
10001131,510050C6M02750,50ETF购6月2750,510050,50ETF,1806,2.5920,10000,2.7500,20171201,20180627,20180627,20180627,EC1N0010E   ,1824.40,12.00,7.00,1,1,30,1,10
10001132,510050P6M02750,50ETF沽6月2750,510050,50ETF,1806,2.5920,10000,2.7500,20171201,20180627,20180627,20180627,EP1N0010E   ,4711.40,12.00,7.00,1,1,30,1,10
10001139,510050C6M02700,50ETF购6月2700,510050,50ETF,1806,2.5920,10000,2.7000,20171218,20180627,20180627,20180627,EC1N0010E   ,2050.40,12.00,7.00,1,1,30,1,10
10001140,510050P6M02700,50ETF沽6月2700,510050,50ETF,1806,2.5920,10000,2.7000,20171218,20180627,20180627,20180627,EP1N0010E   ,4221.40,12.00,7.00,1,1,30,1,10
10001167,510050C6M02650,50ETF购6月2650,510050,50ETF,1806,2.5920,10000,2.6500,20180102,20180627,20180627,20180627,EC1N0010E   ,2592.40,12.00,7.00,1,1,30,1,10
10001168,510050C6M03100,50ETF购6月3100,510050,50ETF,1806,2.5920,10000,3.1000,20180102,20180627,20180627,20180627,EC1N0010E   ,1817.40,12.00,7.00,1,1,30,1,10
10001169,510050P6M02650,50ETF沽6月2650,510050,50ETF,1806,2.5920,10000,2.6500,20180102,20180627,20180627,20180627,EP1N0010E   ,3770.40,12.00,7.00,1,1,30,1,10
10001170,510050P6M03100,50ETF沽6月3100,510050,50ETF,1806,2.5920,10000,3.1000,20180102,20180627,20180627,20180627,EP1N0010E   ,8218.40,12.00,7.00,1,1,30,1,10
10001177,510050C6M03200,50ETF购6月3200,510050,50ETF,1806,2.5920,10000,3.2000,20180103,20180627,20180627,20180627,EC1N0010E   ,1817.40,12.00,7.00,1,1,30,1,10
10001178,510050P6M03200,50ETF沽6月3200,510050,50ETF,1806,2.5920,10000,3.2000,20180103,20180627,20180627,20180627,EP1N0010E   ,9190.40,12.00,7.00,1,1,30,1,10
10001185,510050C6M03300,50ETF购6月3300,510050,50ETF,1806,2.5920,10000,3.3000,20180108,20180627,20180627,20180627,EC1N0010E   ,1817.40,12.00,7.00,1,1,30,1,10
10001186,510050P6M03300,50ETF沽6月3300,510050,50ETF,1806,2.5920,10000,3.3000,20180108,20180627,20180627,20180627,EP1N0010E   ,10277.40,12.00,7.00,1,1,30,1,10
10001193,510050C6M03400,50ETF购6月3400,510050,50ETF,1806,2.5920,10000,3.4000,20180111,20180627,20180627,20180627,EC1N0010E   ,1817.40,12.00,7.00,1,1,30,1,10
10001194,510050P6M03400,50ETF沽6月3400,510050,50ETF,1806,2.5920,10000,3.4000,20180111,20180627,20180627,20180627,EP1N0010E   ,11190.40,12.00,7.00,1,1,30,1,10
10001201,510050C6M03500,50ETF购6月3500,510050,50ETF,1806,2.5920,10000,3.5000,20180117,20180627,20180627,20180627,EC1N0010E   ,1817.40,12.00,7.00,1,1,30,1,10
10001202,510050P6M03500,50ETF沽6月3500,510050,50ETF,1806,2.5920,10000,3.5000,20180117,20180627,20180627,20180627,EP1N0010E   ,12190.40,12.00,7.00,1,1,30,1,10
10001209,510050C6M03600,50ETF购6月3600,510050,50ETF,1806,2.5920,10000,3.6000,20180124,20180627,20180627,20180627,EC1N0010E   ,1817.40,12.00,7.00,1,1,30,1,10
10001210,510050P6M03600,50ETF沽6月3600,510050,50ETF,1806,2.5920,10000,3.6000,20180124,20180627,20180627,20180627,EP1N0010E   ,13190.40,12.00,7.00,1,1,30,1,10
10001211,510050C9M02900,50ETF购9月2900,510050,50ETF,1809,2.5920,10000,2.9000,20180125,20180926,20180926,20180926,EC0N0000E   ,2028.40,12.00,7.00,1,1,30,1,10
10001212,510050C9M02950,50ETF购9月2950,510050,50ETF,1809,2.5920,10000,2.9500,20180125,20180926,20180926,20180926,EC0N0000E   ,1974.40,12.00,7.00,1,1,30,1,10
10001213,510050C9M03000,50ETF购9月3000,510050,50ETF,1809,2.5920,10000,3.0000,20180125,20180926,20180926,20180926,EC0N0000E   ,1940.40,12.00,7.00,1,1,30,1,10
10001214,510050C9M03100,50ETF购9月3100,510050,50ETF,1809,2.5920,10000,3.1000,20180125,20180926,20180926,20180926,EC0N0000E   ,1890.40,12.00,7.00,1,1,30,1,10
10001215,510050C9M03200,50ETF购9月3200,510050,50ETF,1809,2.5920,10000,3.2000,20180125,20180926,20180926,20180926,EC0N0000E   ,1869.40,12.00,7.00,1,1,30,1,10
10001216,510050C9M03300,50ETF购9月3300,510050,50ETF,1809,2.5920,10000,3.3000,20180125,20180926,20180926,20180926,EC0N0000E   ,1857.40,12.00,7.00,1,1,30,1,10
10001217,510050C9M03400,50ETF购9月3400,510050,50ETF,1809,2.5920,10000,3.4000,20180125,20180926,20180926,20180926,EC0N0000E   ,1850.40,12.00,7.00,1,1,30,1,10
10001218,510050C9M03500,50ETF购9月3500,510050,50ETF,1809,2.5920,10000,3.5000,20180125,20180926,20180926,20180926,EC0N0000E   ,1844.40,12.00,7.00,1,1,30,1,10
10001219,510050C9M03600,50ETF购9月3600,510050,50ETF,1809,2.5920,10000,3.6000,20180125,20180926,20180926,20180926,EC0N0000E   ,1843.40,12.00,7.00,1,1,30,1,10
10001220,510050P9M02900,50ETF沽9月2900,510050,50ETF,1809,2.5920,10000,2.9000,20180125,20180926,20180926,20180926,EP0N0000E   ,6211.40,12.00,7.00,1,1,30,1,10
10001221,510050P9M02950,50ETF沽9月2950,510050,50ETF,1809,2.5920,10000,2.9500,20180125,20180926,20180926,20180926,EP0N0000E   ,6709.40,12.00,7.00,1,1,30,1,10
10001222,510050P9M03000,50ETF沽9月3000,510050,50ETF,1809,2.5920,10000,3.0000,20180125,20180926,20180926,20180926,EP0N0000E   ,7206.40,12.00,7.00,1,1,30,1,10
10001223,510050P9M03100,50ETF沽9月3100,510050,50ETF,1809,2.5920,10000,3.1000,20180125,20180926,20180926,20180926,EP0N0000E   ,8218.40,12.00,7.00,1,1,30,1,10
10001224,510050P9M03200,50ETF沽9月3200,510050,50ETF,1809,2.5920,10000,3.2000,20180125,20180926,20180926,20180926,EP0N0000E   ,9190.40,12.00,7.00,1,1,30,1,10
10001225,510050P9M03300,50ETF沽9月3300,510050,50ETF,1809,2.5920,10000,3.3000,20180125,20180926,20180926,20180926,EP0N0000E   ,10277.40,12.00,7.00,1,1,30,1,10
10001226,510050P9M03400,50ETF沽9月3400,510050,50ETF,1809,2.5920,10000,3.4000,20180125,20180926,20180926,20180926,EP0N0000E   ,11190.40,12.00,7.00,1,1,30,1,10
10001227,510050P9M03500,50ETF沽9月3500,510050,50ETF,1809,2.5920,10000,3.5000,20180125,20180926,20180926,20180926,EP0N0000E   ,12190.40,12.00,7.00,1,1,30,1,10
10001228,510050P9M03600,50ETF沽9月3600,510050,50ETF,1809,2.5920,10000,3.6000,20180125,20180926,20180926,20180926,EP0N0000E   ,13190.40,12.00,7.00,1,1,30,1,10
10001229,510050C9M02850,50ETF购9月2850,510050,50ETF,1809,2.5920,10000,2.8500,20180130,20180926,20180926,20180926,EC0N0000E   ,2109.40,12.00,7.00,1,1,30,1,10
10001230,510050P9M02850,50ETF沽9月2850,510050,50ETF,1809,2.5920,10000,2.8500,20180130,20180926,20180926,20180926,EP0N0000E   ,5763.40,12.00,7.00,1,1,30,1,10
10001231,510050C9M02800,50ETF购9月2800,510050,50ETF,1809,2.5920,10000,2.8000,20180208,20180926,20180926,20180926,EC0N0000E   ,2211.40,12.00,7.00,1,1,30,1,10
10001232,510050P9M02800,50ETF沽9月2800,510050,50ETF,1809,2.5920,10000,2.8000,20180208,20180926,20180926,20180926,EP0N0000E   ,5369.40,12.00,7.00,1,1,30,1,10
10001233,510050C9M02750,50ETF购9月2750,510050,50ETF,1809,2.5920,10000,2.7500,20180209,20180926,20180926,20180926,EC0N0000E   ,2343.40,12.00,7.00,1,1,30,1,10
10001234,510050P9M02750,50ETF沽9月2750,510050,50ETF,1809,2.5920,10000,2.7500,20180209,20180926,20180926,20180926,EP0N0000E   ,4993.40,12.00,7.00,1,1,30,1,10
10001239,510050C6M02600,50ETF购6月2600,510050,50ETF,1806,2.5920,10000,2.6000,20180212,20180627,20180627,20180627,EC1N0010E   ,3230.40,12.00,7.00,1,1,30,1,10
10001240,510050P6M02600,50ETF沽6月2600,510050,50ETF,1806,2.5920,10000,2.6000,20180212,20180627,20180627,20180627,EP1N0010E   ,3405.40,12.00,7.00,1,1,30,1,10
10001241,510050C9M02600,50ETF购9月2600,510050,50ETF,1809,2.5920,10000,2.6000,20180212,20180926,20180926,20180926,EC0N0000E   ,4154.40,12.00,7.00,1,1,30,1,10
10001242,510050C9M02650,50ETF购9月2650,510050,50ETF,1809,2.5920,10000,2.6500,20180212,20180926,20180926,20180926,EC0N0000E   ,3420.40,12.00,7.00,1,1,30,1,10
10001243,510050C9M02700,50ETF购9月2700,510050,50ETF,1809,2.5920,10000,2.7000,20180212,20180926,20180926,20180926,EC0N0000E   ,2720.40,12.00,7.00,1,1,30,1,10
10001244,510050P9M02600,50ETF沽9月2600,510050,50ETF,1809,2.5920,10000,2.6000,20180212,20180926,20180926,20180926,EP0N0000E   ,4117.40,12.00,7.00,1,1,30,1,10
10001245,510050P9M02650,50ETF沽9月2650,510050,50ETF,1809,2.5920,10000,2.6500,20180212,20180926,20180926,20180926,EP0N0000E   ,4372.40,12.00,7.00,1,1,30,1,10
10001246,510050P9M02700,50ETF沽9月2700,510050,50ETF,1809,2.5920,10000,2.7000,20180212,20180926,20180926,20180926,EP0N0000E   ,4679.40,12.00,7.00,1,1,30,1,10
10001273,510050C6M02550,50ETF购6月2550,510050,50ETF,1806,2.5920,10000,2.5500,20180327,20180627,20180627,20180627,EC1N0010E   ,3650.40,12.00,7.00,1,1,30,1,10
10001274,510050P6M02550,50ETF沽6月2550,510050,50ETF,1806,2.5920,10000,2.5500,20180327,20180627,20180627,20180627,EP1N0010E   ,2804.40,12.00,7.00,1,1,30,1,10
10001275,510050C9M02550,50ETF购9月2550,510050,50ETF,1809,2.5920,10000,2.5500,20180327,20180926,20180926,20180926,EC0N0000E   ,4523.40,12.00,7.00,1,1,30,1,10
10001276,510050P9M02550,50ETF沽9月2550,510050,50ETF,1809,2.5920,10000,2.5500,20180327,20180926,20180926,20180926,EP0N0000E   ,3488.40,12.00,7.00,1,1,30,1,10
10001279,510050C6M02500,50ETF购6月2500,510050,50ETF,1806,2.5920,10000,2.5000,20180329,20180627,20180627,20180627,EC1N0010E   ,4068.40,12.00,7.00,1,1,30,1,10
10001280,510050P6M02500,50ETF沽6月2500,510050,50ETF,1806,2.5920,10000,2.5000,20180329,20180627,20180627,20180627,EP1N0010E   ,2236.40,12.00,7.00,1,1,30,1,10
10001281,510050C9M02500,50ETF购9月2500,510050,50ETF,1809,2.5920,10000,2.5000,20180329,20180926,20180926,20180926,EC0N0000E   ,4840.40,12.00,7.00,1,1,30,1,10
10001282,510050P9M02500,50ETF沽9月2500,510050,50ETF,1809,2.5920,10000,2.5000,20180329,20180926,20180926,20180926,EP0N0000E   ,2795.40,12.00,7.00,1,1,30,1,10
10001309,510050C6M02450,50ETF购6月2450,510050,50ETF,1806,2.5920,10000,2.4500,20180417,20180627,20180627,20180627,EC1N0010E   ,4539.40,12.00,7.00,1,1,30,1,10
10001310,510050P6M02450,50ETF沽6月2450,510050,50ETF,1806,2.5920,10000,2.4500,20180417,20180627,20180627,20180627,EP1N0010E   ,1732.00,12.00,7.00,1,1,30,1,10
10001311,510050C9M02450,50ETF购9月2450,510050,50ETF,1809,2.5920,10000,2.4500,20180417,20180926,20180926,20180926,EC0N0000E   ,5176.40,12.00,7.00,1,1,30,1,10
10001312,510050P9M02450,50ETF沽9月2450,510050,50ETF,1809,2.5920,10000,2.4500,20180417,20180926,20180926,20180926,EP0N0000E   ,2182.00,12.00,7.00,1,1,30,1,10
10001313,510050CCM02500,50ETF购12月2500,510050,50ETF,1812,2.5920,10000,2.5000,20180426,20181226,20181226,20181226,EC0N0000E   ,5259.40,12.00,7.00,1,1,30,1,10
10001314,510050CCM02550,50ETF购12月2550,510050,50ETF,1812,2.5920,10000,2.5500,20180426,20181226,20181226,20181226,EC0N0000E   ,4970.40,12.00,7.00,1,1,30,1,10
10001315,510050CCM02600,50ETF购12月2600,510050,50ETF,1812,2.5920,10000,2.6000,20180426,20181226,20181226,20181226,EC0N0000E   ,4618.40,12.00,7.00,1,1,30,1,10
10001316,510050CCM02650,50ETF购12月2650,510050,50ETF,1812,2.5920,10000,2.6500,20180426,20181226,20181226,20181226,EC0N0000E   ,3855.40,12.00,7.00,1,1,30,1,10
10001317,510050CCM02700,50ETF购12月2700,510050,50ETF,1812,2.5920,10000,2.7000,20180426,20181226,20181226,20181226,EC0N0000E   ,3178.40,12.00,7.00,1,1,30,1,10
10001318,510050CCM02750,50ETF购12月2750,510050,50ETF,1812,2.5920,10000,2.7500,20180426,20181226,20181226,20181226,EC0N0000E   ,2777.40,12.00,7.00,1,1,30,1,10
10001319,510050CCM02800,50ETF购12月2800,510050,50ETF,1812,2.5920,10000,2.8000,20180426,20181226,20181226,20181226,EC0N0000E   ,2614.40,12.00,7.00,1,1,30,1,10
10001320,510050CCM02850,50ETF购12月2850,510050,50ETF,1812,2.5920,10000,2.8500,20180426,20181226,20181226,20181226,EC0N0000E   ,2474.40,12.00,7.00,1,1,30,1,10
10001321,510050CCM02900,50ETF购12月2900,510050,50ETF,1812,2.5920,10000,2.9000,20180426,20181226,20181226,20181226,EC0N0000E   ,2365.40,12.00,7.00,1,1,30,1,10
10001322,510050PCM02500,50ETF沽12月2500,510050,50ETF,1812,2.5920,10000,2.5000,20180426,20181226,20181226,20181226,EP0N0000E   ,3100.40,12.00,7.00,1,1,30,1,10
10001323,510050PCM02550,50ETF沽12月2550,510050,50ETF,1812,2.5920,10000,2.5500,20180426,20181226,20181226,20181226,EP0N0000E   ,3816.40,12.00,7.00,1,1,30,1,10
10001324,510050PCM02600,50ETF沽12月2600,510050,50ETF,1812,2.5920,10000,2.6000,20180426,20181226,20181226,20181226,EP0N0000E   ,4484.40,12.00,7.00,1,1,30,1,10
10001325,510050PCM02650,50ETF沽12月2650,510050,50ETF,1812,2.5920,10000,2.6500,20180426,20181226,20181226,20181226,EP0N0000E   ,4710.40,12.00,7.00,1,1,30,1,10
10001326,510050PCM02700,50ETF沽12月2700,510050,50ETF,1812,2.5920,10000,2.7000,20180426,20181226,20181226,20181226,EP0N0000E   ,4992.40,12.00,7.00,1,1,30,1,10
10001327,510050PCM02750,50ETF沽12月2750,510050,50ETF,1812,2.5920,10000,2.7500,20180426,20181226,20181226,20181226,EP0N0000E   ,5303.40,12.00,7.00,1,1,30,1,10
10001328,510050PCM02800,50ETF沽12月2800,510050,50ETF,1812,2.5920,10000,2.8000,20180426,20181226,20181226,20181226,EP0N0000E   ,5635.40,12.00,7.00,1,1,30,1,10
10001329,510050PCM02850,50ETF沽12月2850,510050,50ETF,1812,2.5920,10000,2.8500,20180426,20181226,20181226,20181226,EP0N0000E   ,5978.40,12.00,7.00,1,1,30,1,10
10001330,510050PCM02900,50ETF沽12月2900,510050,50ETF,1812,2.5920,10000,2.9000,20180426,20181226,20181226,20181226,EP0N0000E   ,6367.40,12.00,7.00,1,1,30,1,10
10001331,510050CCM02450,50ETF购12月2450,510050,50ETF,1812,2.5920,10000,2.4500,20180427,20181226,20181226,20181226,EC0N0000E   ,5579.40,12.00,7.00,1,1,30,1,10
10001332,510050PCM02450,50ETF沽12月2450,510050,50ETF,1812,2.5920,10000,2.4500,20180427,20181226,20181226,20181226,EP0N0000E   ,2473.00,12.00,7.00,1,1,30,1,10
10001333,510050CCM02950,50ETF购12月2950,510050,50ETF,1812,2.5920,10000,2.9500,20180515,20181226,20181226,20181226,EC0N0000E   ,2262.40,12.00,7.00,1,1,30,1,10
10001334,510050PCM02950,50ETF沽12月2950,510050,50ETF,1812,2.5920,10000,2.9500,20180515,20181226,20181226,20181226,EP0N0000E   ,6746.40,12.00,7.00,1,1,30,1,10
10001335,510050C7M02450,50ETF购7月2450,510050,50ETF,1807,2.5920,10000,2.4500,20180524,20180725,20180725,20180725,EC0N0000E   ,4753.40,12.00,7.00,1,1,30,1,10
10001336,510050C7M02500,50ETF购7月2500,510050,50ETF,1807,2.5920,10000,2.5000,20180524,20180725,20180725,20180725,EC0N0000E   ,4369.40,12.00,7.00,1,1,30,1,10
10001337,510050C7M02550,50ETF购7月2550,510050,50ETF,1807,2.5920,10000,2.5500,20180524,20180725,20180725,20180725,EC0N0000E   ,4011.40,12.00,7.00,1,1,30,1,10
10001338,510050C7M02600,50ETF购7月2600,510050,50ETF,1807,2.5920,10000,2.6000,20180524,20180725,20180725,20180725,EC0N0000E   ,3655.40,12.00,7.00,1,1,30,1,10
10001339,510050C7M02650,50ETF购7月2650,510050,50ETF,1807,2.5920,10000,2.6500,20180524,20180725,20180725,20180725,EC0N0000E   ,2938.40,12.00,7.00,1,1,30,1,10
10001340,510050C7M02700,50ETF购7月2700,510050,50ETF,1807,2.5920,10000,2.7000,20180524,20180725,20180725,20180725,EC0N0000E   ,2279.40,12.00,7.00,1,1,30,1,10
10001341,510050C7M02750,50ETF购7月2750,510050,50ETF,1807,2.5920,10000,2.7500,20180524,20180725,20180725,20180725,EC0N0000E   ,1954.40,12.00,7.00,1,1,30,1,10
10001342,510050C7M02800,50ETF购7月2800,510050,50ETF,1807,2.5920,10000,2.8000,20180524,20180725,20180725,20180725,EC0N0000E   ,1890.40,12.00,7.00,1,1,30,1,10
10001343,510050C7M02850,50ETF购7月2850,510050,50ETF,1807,2.5920,10000,2.8500,20180524,20180725,20180725,20180725,EC0N0000E   ,1851.40,12.00,7.00,1,1,30,1,10
10001344,510050P7M02450,50ETF沽7月2450,510050,50ETF,1807,2.5920,10000,2.4500,20180524,20180725,20180725,20180725,EP0N0000E   ,1882.00,12.00,7.00,1,1,30,1,10
10001345,510050P7M02500,50ETF沽7月2500,510050,50ETF,1807,2.5920,10000,2.5000,20180524,20180725,20180725,20180725,EP0N0000E   ,2459.40,12.00,7.00,1,1,30,1,10
10001346,510050P7M02550,50ETF沽7月2550,510050,50ETF,1807,2.5920,10000,2.5500,20180524,20180725,20180725,20180725,EP0N0000E   ,3107.40,12.00,7.00,1,1,30,1,10
10001347,510050P7M02600,50ETF沽7月2600,510050,50ETF,1807,2.5920,10000,2.6000,20180524,20180725,20180725,20180725,EP0N0000E   ,3757.40,12.00,7.00,1,1,30,1,10
10001348,510050P7M02650,50ETF沽7月2650,510050,50ETF,1807,2.5920,10000,2.6500,20180524,20180725,20180725,20180725,EP0N0000E   ,4034.40,12.00,7.00,1,1,30,1,10
10001349,510050P7M02700,50ETF沽7月2700,510050,50ETF,1807,2.5920,10000,2.7000,20180524,20180725,20180725,20180725,EP0N0000E   ,4399.40,12.00,7.00,1,1,30,1,10
10001350,510050P7M02750,50ETF沽7月2750,510050,50ETF,1807,2.5920,10000,2.7500,20180524,20180725,20180725,20180725,EP0N0000E   ,4760.40,12.00,7.00,1,1,30,1,10
10001351,510050P7M02800,50ETF沽7月2800,510050,50ETF,1807,2.5920,10000,2.8000,20180524,20180725,20180725,20180725,EP0N0000E   ,5218.40,12.00,7.00,1,1,30,1,10
10001352,510050P7M02850,50ETF沽7月2850,510050,50ETF,1807,2.5920,10000,2.8500,20180524,20180725,20180725,20180725,EP0N0000E   ,5717.40,12.00,7.00,1,1,30,1,10
10001353,510050C6M02400,50ETF购6月2400,510050,50ETF,1806,2.5920,10000,2.4000,20180531,20180627,20180627,20180627,EC1N0010E   ,5042.40,12.00,7.00,1,1,30,1,10
10001354,510050P6M02400,50ETF沽6月2400,510050,50ETF,1806,2.5920,10000,2.4000,20180531,20180627,20180627,20180627,EP1N0010E   ,1690.00,12.00,7.00,1,1,30,1,10
10001355,510050C7M02400,50ETF购7月2400,510050,50ETF,1807,2.5920,10000,2.4000,20180531,20180725,20180725,20180725,EC0N0000E   ,5177.40,12.00,7.00,1,1,30,1,10
10001356,510050P7M02400,50ETF沽7月2400,510050,50ETF,1807,2.5920,10000,2.4000,20180531,20180725,20180725,20180725,EP0N0000E   ,1782.00,12.00,7.00,1,1,30,1,10
10001357,510050C9M02400,50ETF购9月2400,510050,50ETF,1809,2.5920,10000,2.4000,20180531,20180926,20180926,20180926,EC0N0000E   ,5554.40,12.00,7.00,1,1,30,1,10
10001358,510050P9M02400,50ETF沽9月2400,510050,50ETF,1809,2.5920,10000,2.4000,20180531,20180926,20180926,20180926,EP0N0000E   ,2035.00,12.00,7.00,1,1,30,1,10
10001359,510050CCM02400,50ETF购12月2400,510050,50ETF,1812,2.5920,10000,2.4000,20180531,20181226,20181226,20181226,EC0N0000E   ,5953.40,12.00,7.00,1,1,30,1,10
10001360,510050PCM02400,50ETF沽12月2400,510050,50ETF,1812,2.5920,10000,2.4000,20180531,20181226,20181226,20181226,EP0N0000E   ,2285.00,12.00,7.00,1,1,30,1,10
10001361,510050C7M02900,50ETF购7月2900,510050,50ETF,1807,2.5920,10000,2.9000,20180605,20180725,20180725,20180725,EC0N0000E   ,1839.40,12.00,7.00,1,1,30,1,10
10001362,510050P7M02900,50ETF沽7月2900,510050,50ETF,1807,2.5920,10000,2.9000,20180605,20180725,20180725,20180725,EP0N0000E   ,6211.40,12.00,7.00,1,1,30,1,10
