#恒指成份股
00001
00002
00003
00005
00006
00011
00012
00016
00017
00019
00027
00066
00083
00101
00151
00175
00267
00288
00386
00388
00669
00688
00700
00762
00823
00857
00883
00939
00941
01038
01044
01088
01093
01109
01113
01177
01299
01398
01928
01997
02007
02018
02313
02318
02319
02382
02388
02628
03328
03988
#国指成份股
00267
00270
00384
00386
00390
00489
00700
00728
00753
00788
00857
00883
00902
00914
00939
00941
00998
01044
01088
01093
01099
01109
01211
01288
01336
01339
01359
01398
01658
01766
01776
01800
01816
01988
02202
02238
02313
02318
02328
02333
02601
02628
02799
03323
03328
03968
03988
06030
06837
06886
#红筹成份股
00135
00144
00152
00165
00257
00267
00270
00291
00371
00392
00604
00688
00762
00817
00836
00883
00941
00966
00981
01109
01114
01193
01199
02319
03320
#红筹股
00031
00081
00085
00103
00111
00119
00123
00124
00132
00133
00135
00144
00152
00154
00165
00171
00181
00207
00217
00218
00222
00230
00232
00257
00260
00267
00270
00281
00291
00297
00305
00308
00311
00334
00337
00346
00363
00365
00371
00392
00412
00418
00420
00445
00499
00506
00517
00560
00563
00570
00596
00604
00606
00611
00618
00629
00639
00641
00661
00688
00697
00710
00730
00735
00762
00798
00809
00812
00817
00828
00830
00836
00882
00883
00903
00906
00908
00925
00934
00941
00966
00969
00978
00981
00982
00992
00993
01045
01052
01058
01062
01070
01091
01109
01111
01114
01117
01135
01148
01164
01175
01185
01193
01199
01203
01205
01206
01208
01230
01236
01249
01250
01257
01258
01312
01313
01316
01329
01347
01515
01522
01610
01639
01788
01811
01828
01848
01868
01883
01908
02099
02228
02277
02299
02302
02319
02339
02362
02380
02388
02588
02666
02669
02886
03311
03320
03329
03360
03366
03382
03613
03663
03699
03808
03899
03989
06139
06877
08016
08128
08271
08310
08356
#蓝筹股
00001
00002
00003
00005
00006
00011
00012
00016
00017
00019
00027
00066
00083
00101
00151
00175
00267
00288
00386
00388
00688
00700
00762
00836
00857
00883
00939
00941
01038
01044
01088
01093
01109
01113
01177
01299
01398
01928
01997
02007
02018
02313
02318
02319
02382
02388
02628
03328
03988
#国企股
00038
00042
00107
00161
00168
00177
00187
00300
00317
00323
00338
00347
00357
00358
00386
00390
00416
00438
00489
00525
00548
00552
00553
00564
00568
00576
00579
00588
00598
00670
00694
00696
00719
00728
00747
00753
00763
00788
00811
00814
00816
00840
00857
00874
00895
00902
00914
00916
00921
00939
00954
00956
00958
00980
00991
00995
00998
01000
01033
01053
01055
01057
01065
01066
01071
01072
01075
01088
01099
01103
01108
01122
01133
01138
01157
01171
01186
01202
01211
01216
01265
01272
01288
01289
01292
01296
01330
01336
01339
01349
01353
01359
01375
01385
01398
01456
01459
01461
01476
01508
01513
01527
01528
01533
01543
01551
01558
01576
01577
01578
01588
01596
01599
01606
01618
01635
01649
01658
01666
01671
01697
01708
01727
01749
01763
01766
01772
01776
01786
01787
01798
01799
01800
01812
01816
01818
01819
01829
01858
01898
01916
01919
01958
01963
01988
02006
02009
02016
02039
02066
02068
02120
02139
02196
02202
02208
02218
02238
02281
02289
02308
02318
02328
02333
02338
02345
02355
02357
02386
02488
02600
02601
02607
02611
02628
02698
02722
02727
02777
02799
02866
02868
02880
02883
02899
03319
03323
03328
03330
03332
03355
03369
03378
03396
03399
03606
03618
03636
03678
03689
03698
03768
03833
03866
03898
03903
03908
03948
03958
03968
03969
03983
03988
03993
03996
06030
06060
06066
06099
06116
06122
06138
06178
06188
06189
06190
06196
06198
06818
06826
06837
06839
06865
06866
06869
06881
06885
06886
08045
08049
08095
08106
08115
08139
08189
08197
08205
08211
08227
08235
08236
08243
08247
08249
08252
08258
08273
08286
08301
08329
08348
08452
#国企A+H股
00038
00042
00107
00168
00177
00187
00300
00317
00323
00338
00347
00358
00386
00390
00525
00548
00553
00564
00568
00588
00598
00670
00719
00753
00763
00811
00857
00874
00895
00902
00914
00921
00939
00991
00995
00998
01033
01053
01055
01057
01065
01071
01072
01088
01108
01138
01157
01171
01186
01211
01288
01330
01336
01339
01375
01398
01513
01528
01533
01618
01635
01766
01772
01776
01787
01800
01812
01898
01919
01988
02009
02039
02068
02196
02202
02208
02238
02318
02333
02338
02359
02600
02601
02607
02611
02628
02727
02866
02880
02883
02899
03328
03369
03606
03866
03958
03968
03988
03993
06030
06066
06099
06116
06178
06196
06198
06806
06818
06837
06865
06869
06881
06886
#中华香港内地
00135
00144
00151
00267
00291
00322
00386
00392
00688
00700
00728
00762
00813
00836
00857
00883
00939
00941
00960
00992
00998
01044
01088
01109
01114
01288
01398
01988
02007
02318
02319
02328
02601
02628
03328
03333
03968
03988
06808
08417
#恒生富时中国50
00175
00267
00384
00386
00390
00656
00688
00700
00728
00753
00762
00857
00883
00914
00939
00941
00960
00998
01088
01109
01186
01211
01288
01336
01339
01398
01658
01766
01776
01800
01810
01988
02007
02202
02238
02318
02328
02382
02601
02611
02628
03328
03333
03968
03988
03993
06030
06818
06837
06886
#恒生综合企业
00001
00019
00087
00242
00267
00363
00656
00659
#恒生金融
00005
00011
00023
00165
00279
00388
00440
00665
00806
00931
00939
00966
00998
01140
01141
01288
01299
01336
01339
01359
01398
01428
01508
01658
01776
01788
01911
01916
01963
01988
02003
02051
02318
02328
02356
02388
02601
02611
02628
02666
02799
02858
02888
03328
03329
03360
03618
03908
03958
03968
03988
06030
06060
06066
06099
06818
06837
06881
06886
#恒生地产建筑
00004
00010
00012
00014
00016
00017
00020
00059
00081
00083
00095
00101
00119
00123
00127
00173
00272
00337
00390
00410
00508
00535
00563
00604
00683
00687
00688
00691
00743
00754
00813
00817
00832
00884
00914
00960
00978
00989
00996
01030
01098
01109
01113
01176
01186
01233
01238
01313
01528
01589
01618
01622
01628
01638
01668
01777
01778
01800
01813
01829
01918
01966
01972
01996
01997
02007
02009
02128
02202
02233
02329
02669
02768
02777
02868
02869
03301
03311
03323
03333
03377
03380
03383
03883
03900
06098
06158
06166
#恒生原材料
00189
00297
00323
00338
00347
00358
00486
00581
00976
01205
01208
01333
01378
01818
02099
02314
02362
02600
02689
02899
03983
03993
#恒生消费品制造业
00136
00142
00151
00168
00175
00178
00179
00220
00256
00288
00291
00321
00322
00330
00336
00345
00425
00460
00489
00493
00494
00506
00512
00546
00551
00570
00590
00606
00669
00709
00751
00787
00853
00860
00867
00874
00881
00950
00973
01044
01066
01070
01086
01093
01099
01112
01114
01169
01177
01196
01211
01234
01269
01293
01302
01316
01361
01368
01382
01458
01478
01513
01530
01548
01558
01579
01585
01610
01666
01681
01717
01728
01828
01910
01913
01929
01958
01999
02005
02020
02186
02196
02232
02238
02269
02313
02319
02331
02333
02359
02607
02678
02877
03306
03320
03331
03606
03613
03669
03799
03813
03818
03836
03933
03998
#恒生能源
00386
00467
00639
00857
00883
00934
01088
01131
01171
01898
02386
02883
03899
06828
#恒生工业
00144
00148
00152
00177
00317
00468
00548
00576
00586
00598
00607
00631
00636
00658
00729
00819
00868
00906
00951
00968
01052
01138
01157
01199
01308
01766
01882
01888
01899
01919
02039
02208
02338
02343
02357
02382
02727
02866
03339
03382
03393
03800
03808
03898
#恒生消费者服务业
00027
00045
00052
00066
00069
00078
00200
00293
00308
00341
00419
00511
00520
00525
00582
00670
00694
00699
00753
00772
00780
00839
00880
01055
01060
01128
01212
01317
01383
01448
01515
01569
01765
01833
01848
01860
01928
01970
01992
02001
02006
02255
02282
02588
02662
03308
03309
03918
06068
06100
06169
06808
06889
#恒生公用事业
00002
00003
00006
00135
00257
00270
00371
00384
00392
00451
00579
00686
00735
00816
00836
00855
00902
00916
00958
00991
01038
01071
01083
01193
01250
01257
01363
01381
01600
01608
01811
01816
02380
02638
02688
03633
#恒生资讯科技
00241
00268
00285
00303
00327
00354
00400
00522
00552
00696
00698
00700
00732
00763
00777
00799
00861
00981
00992
01089
01119
01337
01347
01357
01686
01761
01806
01810
01980
02018
02038
02280
03396
03690
03888
03969
06088
06869
#恒生电讯
00008
00215
00315
00439
00728
00762
00941
01310
01883
06823
#恒生可持续发展企业
00001
00002
00003
00004
00005
00006
00011
00012
00014
00016
00017
00019
00069
00083
00087
00101
00257
00293
00388
00683
00688
00941
00981
00992
01109
01972
01997
02018
02388
#恒生香港35
00001
00002
00003
00005
00006
00011
00012
00014
00016
00017
00019
00027
00066
00069
00083
00101
00288
00388
00494
00522
00551
00669
00823
00880
01038
01113
01128
01299
01928
01972
01997
02269
02282
02388
03311
#恒生内地100
00004
00135
00144
00148
00151
00165
00175
00257
00267
00270
00291
00322
00371
00384
00386
00390
00392
00425
00489
00586
00607
00656
00683
00688
00700
00728
00753
00762
00772
00813
00836
00857
00867
00883
00902
00914
00939
00941
00960
00966
00981
00992
00998
01044
01060
01088
01093
01099
01109
01114
01169
01177
01193
01211
01288
01336
01339
01357
01359
01378
01398
01658
01766
01776
01800
01816
01833
01918
01929
01988
02007
02018
02020
02202
02238
02313
02318
02319
02328
02333
02382
02601
02628
02688
02689
02799
03320
03328
03333
03377
03799
03888
03898
03968
03988
06030
06808
06837
06881
06886
#恒生大型股
00001
00002
00003
00004
00005
00006
00011
00012
00016
00017
00019
00020
00023
00027
00066
00069
00083
00101
00135
00144
00151
00175
00241
00257
00267
00270
00288
00291
00293
00322
00371
00384
00386
00388
00392
00486
00551
00607
00656
00659
00669
00683
00688
00700
00728
00762
00772
00813
00836
00857
00880
00883
00939
00941
00960
00966
00992
00998
01038
01044
01088
01093
01109
01113
01114
01128
01169
01177
01193
01288
01299
01378
01398
01658
01810
01913
01918
01928
01929
01972
01988
01997
02007
02018
02020
02269
02282
02313
02318
02319
02328
02382
02388
02601
02628
02638
02688
02689
02799
02888
03311
03320
03328
03333
03690
03799
03968
03988
06808
06823
#恒生中型股
00008
00010
00014
00045
00087
00119
00123
00127
00136
00142
00148
00152
00165
00168
00173
00177
00178
00179
00200
00215
00220
00268
00272
00285
00303
00308
00336
00338
00341
00345
00358
00363
00390
00410
00425
00440
00460
00467
00489
00493
00494
00506
00511
00522
00552
00570
00576
00581
00582
00586
00590
00604
00606
00636
00658
00665
00670
00691
00694
00696
00699
00753
00754
00763
00780
00806
00817
00839
00867
00868
00881
00884
00902
00914
00916
00958
00968
00973
00981
01030
01055
01060
01066
01083
01099
01112
01141
01171
01186
01199
01208
01211
01212
01233
01269
01308
01313
01316
01333
01336
01337
01339
01347
01357
01359
01382
01458
01508
01515
01530
01548
01628
01638
01668
01728
01766
01776
01788
01800
01813
01816
01833
01882
01888
01898
01910
01958
01992
01999
02005
02038
02039
02128
02186
02196
02202
02232
02238
02314
02331
02333
02338
02356
02357
02380
02386
02588
02600
02607
02611
02768
02777
02858
02869
02883
02899
03323
03360
03377
03380
03383
03396
03606
03618
03633
03669
03800
03808
03888
03898
03899
03900
03908
03918
03969
03993
06030
06060
06088
06098
06099
06158
06818
06837
06881
06886
#恒生小型股
00052
00059
00078
00081
00095
00189
00242
00256
00279
00297
00315
00317
00321
00323
00327
00330
00337
00347
00354
00400
00419
00439
00451
00468
00508
00512
00520
00525
00535
00546
00548
00563
00579
00598
00631
00639
00686
00687
00698
00709
00729
00732
00735
00743
00751
00777
00787
00799
00816
00819
00832
00853
00855
00860
00861
00874
00906
00931
00934
00950
00951
00976
00978
00989
00991
00996
01052
01070
01071
01086
01089
01098
01119
01131
01138
01140
01157
01176
01196
01205
01234
01238
01250
01257
01293
01302
01310
01317
01361
01363
01368
01381
01383
01428
01448
01478
01513
01528
01558
01569
01579
01585
01589
01600
01608
01610
01618
01622
01666
01681
01686
01717
01761
01765
01777
01778
01806
01811
01818
01828
01829
01848
01860
01883
01899
01911
01916
01919
01963
01966
01970
01980
01996
02001
02003
02006
02009
02051
02099
02208
02233
02255
02280
02329
02343
02359
02362
02662
02666
02669
02678
02727
02866
02868
02877
03301
03306
03308
03309
03329
03331
03339
03382
03393
03613
03813
03818
03836
03883
03933
03958
03983
03998
06066
06068
06100
06166
06169
06828
06869
06889
#恒生高股息率
00002
00005
00006
00008
00011
00017
00019
00083
00123
00144
00148
00152
00165
00303
00338
00363
00386
00494
00551
00576
00604
00665
00836
00868
00883
00939
00941
00968
00992
00998
01038
01088
01288
01333
01359
01398
01928
01929
01988
02380
02386
02388
03328
03618
03968
03988
06818
#预托证券
06288
#含权证港股
00001
00002
00003
00004
00005
00006
00008
00011
00012
00016
00017
00019
00023
00027
00066
00083
00101
00119
00123
00135
00144
00148
00151
00152
00165
00175
00200
00241
00257
00267
00268
00270
00285
00288
00291
00293
00308
00322
00323
00330
00338
00347
00354
00358
00371
00384
00386
00388
00390
00460
00489
00493
00494
00522
00551
00552
00586
00606
00656
00665
00669
00670
00688
00694
00696
00698
00699
00700
00728
00751
00753
00762
00763
00772
00788
00799
00813
00816
00819
00823
00836
00839
00857
00867
00868
00874
00880
00881
00883
00884
00902
00914
00916
00939
00941
00958
00960
00966
00968
00981
00991
00992
00998
01038
01044
01055
01060
01066
01083
01088
01093
01099
01109
01112
01113
01114
01128
01157
01169
01171
01177
01186
01199
01208
01211
01288
01299
01313
01316
01317
01336
01337
01339
01347
01357
01359
01398
01508
01515
01530
01548
01579
01638
01658
01766
01776
01788
01800
01810
01816
01818
01888
01898
01910
01918
01919
01928
01929
01958
01988
01997
02007
02009
02018
02020
02038
02186
02196
02202
02208
02238
02269
02282
02313
02314
02318
02319
02328
02331
02333
02338
02357
02382
02386
02388
02600
02601
02607
02611
02628
02689
02727
02777
02799
02800
02822
02823
02828
02840
02866
02883
02888
02899
03188
03311
03319
03320
03323
03328
03333
03380
03383
03669
03690
03800
03888
03898
03900
03908
03918
03968
03969
03988
03993
06030
06060
06098
06169
06808
06837
06862
06869
06881
06886
#MSCI大陆小型股
00148
00460
00520
00527
00607
00719
00755
00815
00967
01011
01022
01027
01061
01089
01090
01103
01129
01141
01253
01269
01293
01317
01321
01335
01381
01396
01478
01522
01599
01639
01708
01717
01786
01866
02100
02111
02120
02236
02300
02314
02345
02389
02488
02669
03369
03399
06198
06869
06878
08156
08189
#MSCI香港小型股
00139
00218
00279
00295
00439
00444
00510
00911
00982
00993
01004
01063
01164
01188
01196
01347
01428
01811
08018
#港股通
00001
00002
00003
00004
00005
00006
00008
00010
00011
00012
00014
00016
00017
00019
00020
00023
00027
00038
00045
00059
00066
00069
00081
00083
00087
00095
00101
00107
00119
00123
00127
00135
00136
00142
00144
00148
00151
00152
00165
00168
00173
00175
00177
00178
00179
00187
00189
00200
00215
00220
00241
00242
00256
00257
00267
00268
00270
00272
00279
00285
00288
00291
00293
00297
00303
00308
00315
00317
00322
00323
00336
00337
00338
00341
00345
00347
00354
00358
00363
00371
00384
00386
00388
00390
00392
00400
00410
00425
00439
00440
00451
00460
00467
00468
00489
00493
00494
00506
00508
00511
00512
00520
00522
00525
00535
00546
00548
00551
00552
00553
00563
00564
00568
00570
00576
00581
00582
00586
00588
00590
00598
00604
00606
00607
00631
00636
00639
00656
00658
00659
00665
00669
00670
00683
00686
00687
00688
00691
00694
00696
00698
00699
00700
00709
00719
00728
00732
00743
00751
00753
00754
00762
00763
00772
00777
00780
00788
00799
00806
00811
00813
00817
00819
00832
00836
00839
00853
00855
00857
00860
00861
00867
00868
00874
00880
00881
00883
00884
00895
00902
00914
00916
00921
00931
00934
00939
00941
00950
00958
00960
00966
00968
00976
00978
00981
00989
00991
00992
00995
00996
00998
01030
01033
01038
01044
01052
01053
01055
01057
01060
01065
01066
01070
01071
01072
01083
01086
01088
01089
01093
01098
01099
01108
01109
01112
01113
01114
01119
01128
01131
01138
01140
01141
01157
01169
01171
01176
01177
01186
01193
01196
01199
01205
01208
01211
01212
01233
01234
01238
01250
01257
01269
01288
01293
01299
01302
01308
01310
01313
01316
01317
01330
01333
01336
01339
01347
01357
01359
01363
01368
01375
01378
01381
01382
01383
01398
01448
01458
01478
01508
01513
01515
01528
01530
01533
01548
01558
01569
01579
01585
01589
01600
01608
01618
01622
01628
01635
01638
01658
01666
01668
01681
01686
01717
01728
01761
01765
01766
01772
01776
01777
01778
01787
01788
01800
01806
01811
01812
01813
01816
01818
01828
01833
01848
01860
01882
01883
01888
01896
01898
01911
01916
01918
01919
01928
01929
01958
01963
01966
01970
01972
01980
01988
01992
01996
01997
01999
02001
02003
02005
02007
02009
02018
02020
02038
02039
02051
02068
02099
02128
02186
02196
02202
02208
02232
02233
02238
02255
02269
02280
02282
02313
02314
02318
02319
02328
02329
02331
02333
02338
02343
02356
02357
02359
02362
02380
02382
02386
02388
02588
02600
02601
02607
02611
02628
02662
02666
02669
02678
02688
02689
02727
02768
02777
02799
02858
02866
02869
02877
02880
02883
02888
02899
03301
03306
03308
03309
03311
03320
03323
03328
03329
03331
03333
03339
03360
03369
03377
03380
03382
03383
03396
03606
03613
03618
03633
03669
03799
03800
03808
03813
03818
03836
03866
03883
03888
03898
03899
03900
03908
03933
03958
03968
03969
03988
03993
03998
06030
06060
06066
06068
06088
06098
06099
06100
06116
06158
06166
06169
06178
06196
06198
06806
06808
06818
06828
06837
06862
06865
06869
06881
06886
#港股通精选100
00001
00002
00003
00004
00005
00006
00008
00010
00011
00012
00014
00016
00017
00019
00020
00023
00027
00066
00069
00083
00101
00135
00144
00151
00175
00241
00257
00267
00270
00288
00291
00293
00322
00371
00384
00388
00392
00425
00494
00522
00551
00607
00656
00659
00669
00683
00688
00700
00728
00762
00813
00836
00867
00880
00883
00941
00960
00966
00981
00992
01038
01044
01060
01093
01099
01109
01113
01114
01128
01169
01177
01193
01299
01357
01359
01658
01918
01928
01929
01972
01997
02007
02018
02020
02269
02282
02313
02319
02328
02382
02388
02688
02689
02799
03311
03320
03333
03377
03799
06808
#深港通HK
00001
00002
00003
00004
00005
00006
00008
00010
00011
00012
00014
00016
00017
00019
00020
00023
00027
00038
00045
00059
00066
00069
00081
00083
00087
00095
00101
00107
00119
00123
00127
00135
00136
00142
00144
00148
00151
00152
00165
00168
00173
00175
00177
00178
00179
00187
00189
00200
00215
00220
00241
00242
00256
00257
00267
00268
00270
00272
00279
00285
00288
00291
00293
00297
00303
00308
00315
00317
00322
00323
00336
00337
00338
00341
00345
00347
00354
00358
00363
00371
00384
00386
00388
00390
00392
00400
00410
00425
00439
00440
00451
00460
00467
00468
00489
00493
00494
00506
00508
00511
00512
00520
00522
00525
00535
00546
00548
00551
00552
00553
00563
00564
00568
00570
00576
00581
00582
00586
00588
00590
00598
00604
00606
00607
00631
00636
00639
00656
00658
00659
00665
00669
00670
00683
00686
00687
00688
00691
00694
00696
00698
00699
00700
00709
00719
00728
00732
00743
00751
00753
00754
00762
00763
00772
00777
00780
00788
00799
00806
00811
00813
00817
00819
00832
00836
00839
00853
00855
00857
00860
00861
00867
00868
00874
00880
00881
00883
00884
00895
00902
00914
00916
00921
00931
00934
00939
00941
00950
00958
00960
00966
00968
00976
00978
00981
00989
00991
00992
00995
00996
00998
01030
01033
01038
01044
01052
01053
01055
01057
01060
01065
01066
01070
01071
01072
01083
01086
01088
01089
01093
01098
01099
01108
01109
01112
01113
01114
01119
01128
01131
01138
01140
01141
01157
01169
01171
01176
01177
01186
01193
01196
01199
01205
01208
01211
01212
01233
01234
01238
01250
01257
01269
01288
01293
01299
01302
01308
01310
01313
01316
01317
01330
01333
01336
01339
01347
01357
01359
01363
01368
01375
01378
01381
01382
01383
01398
01448
01458
01478
01508
01513
01515
01528
01530
01533
01548
01558
01569
01579
01585
01589
01600
01608
01618
01622
01628
01635
01638
01658
01666
01668
01681
01686
01717
01728
01761
01765
01766
01772
01776
01777
01778
01787
01788
01800
01806
01811
01812
01813
01816
01818
01828
01833
01848
01860
01882
01883
01888
01896
01898
01911
01916
01918
01919
01928
01929
01958
01963
01966
01970
01972
01980
01988
01992
01996
01997
01999
02001
02003
02005
02007
02009
02018
02020
02038
02039
02051
02068
02099
02128
02186
02196
02202
02208
02232
02233
02238
02255
02269
02280
02282
02313
02314
02318
02319
02328
02329
02331
02333
02338
02343
02356
02357
02359
02362
02380
02382
02386
02388
02588
02600
02601
02607
02611
02628
02662
02666
02669
02678
02688
02689
02727
02768
02777
02799
02858
02866
02869
02877
02880
02883
02888
02899
03301
03306
03308
03309
03311
03320
03323
03328
03329
03331
03333
03339
03360
03369
03377
03380
03382
03383
03396
03606
03613
03618
03633
03669
03799
03800
03808
03813
03818
03836
03866
03883
03888
03898
03899
03900
03908
03933
03958
03968
03969
03988
03993
03998
06030
06060
06066
06068
06088
06098
06099
06100
06116
06158
06166
06169
06178
06196
06198
06806
06808
06818
06828
06837
06862
06865
06869
06881
06886
#沪港通HK
00001
00002
00003
00004
00005
00006
00008
00010
00011
00012
00014
00016
00017
00019
00020
00023
00027
00038
00045
00066
00069
00083
00087
00101
00107
00119
00123
00127
00135
00136
00142
00144
00148
00151
00152
00165
00168
00173
00175
00177
00178
00179
00187
00200
00215
00220
00241
00257
00267
00268
00270
00272
00285
00288
00291
00293
00303
00308
00317
00322
00323
00336
00338
00341
00345
00358
00363
00371
00384
00386
00388
00390
00392
00410
00425
00440
00460
00467
00489
00493
00494
00506
00511
00522
00525
00548
00551
00552
00553
00564
00570
00576
00581
00582
00586
00588
00590
00598
00604
00606
00607
00636
00656
00658
00659
00665
00669
00670
00683
00688
00691
00694
00696
00699
00700
00728
00753
00754
00762
00772
00780
00788
00806
00811
00813
00817
00836
00839
00857
00867
00868
00874
00880
00881
00883
00884
00902
00914
00916
00939
00941
00958
00960
00966
00968
00981
00991
00992
00995
00998
01030
01033
01038
01044
01053
01055
01060
01065
01066
01071
01072
01083
01088
01093
01099
01108
01109
01112
01113
01114
01128
01138
01141
01169
01171
01177
01186
01193
01199
01208
01212
01233
01269
01288
01299
01308
01313
01316
01330
01333
01336
01339
01347
01357
01359
01375
01378
01382
01398
01458
01508
01515
01528
01530
01548
01618
01628
01635
01638
01658
01668
01728
01766
01787
01788
01800
01813
01816
01833
01882
01888
01896
01898
01918
01919
01928
01929
01958
01972
01988
01992
01997
01999
02005
02007
02009
02018
02020
02038
02068
02128
02186
02196
02232
02238
02269
02282
02313
02314
02318
02319
02328
02331
02333
02356
02357
02359
02380
02382
02386
02388
02588
02600
02601
02607
02611
02628
02688
02689
02727
02768
02777
02799
02858
02866
02869
02880
02883
02888
02899
03311
03320
03323
03328
03333
03360
03369
03377
03380
03383
03396
03606
03618
03633
03669
03799
03800
03808
03888
03898
03899
03900
03908
03958
03968
03969
03988
03993
06030
06060
06066
06088
06098
06099
06116
06158
06178
06198
06808
06818
06837
06862
06865
06869
06881
06886
#合订证券
01270
02638
06139
06823
#第二上市港股
00945
01021
01878
#同股不同权港股
01810
03690
#生化科技港股
01672
01801
01877
02181
02552
02616
06160
06185
#港股-内地房地产
00028
00029
00059
00095
00106
00108
00119
00123
00160
00169
00173
00214
00216
00217
00230
00231
00251
00258
00272
00298
00313
00337
00352
00410
00488
00497
00498
00535
00563
00588
00600
00604
00610
00672
00680
00683
00687
00688
00726
00733
00736
00747
00754
00755
00798
00813
00817
00832
00845
00846
00859
00884
00896
00898
00960
00983
00997
01064
01107
01109
01124
01125
01168
01176
01186
01207
01215
01224
01232
01233
01238
01278
01281
01369
01383
01387
01396
01618
01622
01628
01638
01663
01777
01813
01838
01862
01918
01966
02007
02098
02118
02355
02777
02789
02868
03311
03333
03377
03380
03383
03639
03883
03900
08155
#港股-内地保险股
00966
01336
01339
02318
02328
02601
02628
06060
#港股-内地券商股
00111
00165
00227
00665
01375
01476
01776
01788
06030
06837
06881
06886
#港股-内地银行股
00939
00998
01288
01398
01963
01988
03328
03618
03698
03968
03988
06138
06818
#港股-台资
00151
00157
00210
00220
00258
00322
00334
00352
00360
00422
00425
00462
00469
00471
00482
00531
00551
00645
00676
00743
00757
00885
00915
00990
01041
01079
01116
01129
01170
01223
01225
01808
01836
01868
01991
01997
02038
02317
02368
02398
02788
02878
03336
03999
06808
08041
08150
08179
08226
#港股-太阳能
00295
00397
00566
00611
00686
00712
00750
00757
00868
00968
01165
02188
02788
03800
03868
#港股-风电
00182
00579
00735
00916
00956
00958
01072
01798
02188
02208
#港股-环保
00147
00202
00257
00309
00351
00371
00556
00579
00646
00735
00855
00871
00895
00923
00967
00979
00987
01065
01072
01129
01191
01296
01318
01330
01363
01395
02727
02789
03989
06136
08109
08128
08169
#港股-高铁
00066
00351
00390
00569
01186
01766
01800
03898
03969
#港股-页岩气
00135
00196
00206
00386
00568
00578
00702
00857
00883
00934
01080
01251
01555
01938
02178
03337
03899
#港股-博彩
00027
00070
00102
00200
00296
00326
00487
00555
00582
00628
00880
00959
01031
01128
01180
01280
01371
01680
01928
02282
03918
08017
08071
08156
08198
08279
#港股-新能源汽车
00040
00176
00489
00729
00819
00951
01188
01211
02188
08082
#港股-涉矿
00024
00381
00402
00455
00610
00638
00668
00899
02330
03668
08071
#港股-移动互联网
00008
00030
00215
00418
00543
00700
00728
00762
00777
00818
00862
00941
01094
01883
02342
03888
06823
08006
08007
08026
08047
08048
08106
08119
08131
08166
08178
08190
08266
#港股-阿里概念
00241
00376
00656
00980
01003
01060
01169
01297
01761
02318
03908
06060
06808
06886
08279
08368
#港股-腾讯概念
00136
00267
00701
00772
00922
01119
01371
01448
01668
01896
03309
03888
03908
06060
08085
08296
#港股-电影娱乐
00027
00070
00200
00296
00326
00487
00557
00628
00703
00880
00959
01046
01060
01128
01132
01371
01928
01970
02282
03918
06889
08017
08075
08202
08220
08228
#港股-网络游戏
00082
00434
00484
00555
00595
00700
00777
00799
01022
01049
01060
01119
01980
02022
02660
06899
08081
08255
08267
#港股-苹果概念
00215
00315
00698
00856
01415
01478
01639
02018
02038
02078
02382
03336
#港股-中信系
00241
00267
00998
01091
01205
01828
01883
06030
08172
#港股-外国公司
00486
00945
00973
00975
01316
01910
01913
02012
02378
03918
06288
06889
#港股-次新股
00150
00667
00780
00788
00797
01025
01034
01119
01158
01286
01521
01540
01545
01563
01576
01592
01615
01652
01653
01672
01675
01701
01703
01712
01713
01715
01721
01723
01725
01731
01739
01741
01743
01746
01748
01753
01755
01758
01759
01760
01761
01762
01763
01765
01767
01769
01772
01773
01775
01780
01781
01782
01783
01785
01787
01790
01793
01796
01797
01801
01809
01810
01817
01820
01825
01827
01832
01835
01837
01841
01842
01845
01849
01850
01851
01854
01857
01860
01861
01865
01867
01869
01872
01873
01877
01890
01891
01894
01896
01897
01901
01902
01903
01905
01906
01907
01909
01911
01917
01930
01935
01939
01943
01951
01968
01969
01983
01992
01995
01996
02013
02019
02048
02051
02060
02108
02168
02181
02189
02230
02258
02262
02346
02359
02360
02552
02616
02660
02680
02682
02718
02798
02885
02892
03302
03316
03321
03616
03662
03668
03690
03692
03700
03868
03877
03978
03990
03992
06055
06058
06100
06111
06117
06160
06162
06185
06190
06806
06811
06819
06860
06862
06890
08017
08036
08042
08096
08140
08210
08219
08223
08259
08305
08475
08482
08502
08512
08516
08525
08537
08540
08547
08601
08603
08606
08607
08609
08611
08613
08619
08621
08622
08631
08635
#港股-华润系
00291
00836
01109
01193
01313
#港股-长和系
00001
00006
00008
00215
00432
00775
01038
01113
02383
02638
06823
#港股-细价股
00009
00024
00033
00042
00048
00061
00065
00082
00084
00091
00092
00093
00121
00128
00139
00145
00149
00156
00159
00166
00167
00176
00188
00202
00205
00206
00223
00231
00234
00238
00243
00244
00260
00261
00263
00269
00274
00276
00280
00282
00290
00309
00310
00313
00343
00346
00348
00351
00353
00356
00361
00370
00378
00379
00381
00389
00391
00396
00397
00401
00403
00412
00426
00430
00431
00433
00439
00444
00449
00474
00475
00476
00479
00482
00485
00491
00495
00500
00508
00510
00515
00518
00524
00527
00547
00559
00574
00575
00600
00621
00629
00630
00632
00646
00651
00653
00660
00661
00663
00673
00674
00677
00682
00685
00686
00689
00690
00701
00702
00706
00707
00712
00715
00718
00720
00724
00729
00730
00736
00745
00755
00757
00764
00767
00784
00800
00802
00804
00809
00810
00812
00821
00827
00851
00860
00862
00872
00876
00885
00886
00893
00901
00905
00907
00910
00913
00915
00923
00925
00926
00928
00931
00959
00969
00979
00985
00986
00988
00993
00996
01002
01004
01007
01013
01020
01022
01026
01028
01039
01063
01069
01079
01080
01082
01087
01096
01097
01101
01102
01103
01106
01121
01130
01142
01143
01152
01165
01166
01173
01175
01178
01182
01185
01188
01191
01192
01195
01227
01235
01237
01239
01246
01247
01259
01262
01323
01327
01332
01338
01340
01341
01348
01355
01380
01389
01393
01395
01431
01432
01450
01452
01499
01532
01549
01555
01613
01633
01678
01685
01693
01699
01709
01711
01718
01808
01822
01932
01938
01982
02012
02078
02113
02122
02133
02178
02188
02211
02212
02213
02222
02309
02310
02312
02322
02324
02336
02349
02366
02668
02728
02878
02882
03332
03344
03666
03773
03822
03882
03889
03893
06080
06161
06168
06888
08007
08017
08018
08021
08025
08026
08041
08043
08048
08057
08060
08063
08069
08072
08075
08076
08081
08082
08083
08085
08086
08087
08096
08100
08101
08105
08108
08109
08111
08117
08121
08123
08125
08130
08131
08132
08137
08143
08146
08147
08148
08151
08153
08156
08158
08161
08162
08163
08166
08167
08179
08186
08188
08193
08195
08196
08198
08203
08207
08217
08222
08228
08229
08232
08235
08238
08239
08241
08250
08266
08268
08270
08275
08279
08280
08285
08290
08292
08295
08299
08300
08301
08310
08313
08315
08340
08351
08356
08360
08363
08366
08367
08370
08375
08377
08391
08392
08412
08416
08417
08420
08427
08428
08430
08448
08450
08456
08460
08472
08475
08482
08495
08510
08512
08532
08547
08613
08622
08631
#港股-核电
00611
01072
01133
01164
01816
02302
02727
#港股-军工
00031
00085
00161
00232
00317
00438
00553
00903
01045
01185
01292
01639
02357
02878
#港股-在线旅游
00308
00487
00678
01235
#港股-天然气
00135
00384
00386
00392
00839
00857
00883
01080
01083
01193
01938
02688
03337
03899
#港股-民营医院
00648
00662
00801
00874
01177
01515
01638
02196
03333
08143
#港股-LED
00515
00522
00595
00751
01184
01868
02222
03823
08150
08222
#港股-殡葬
00701
00922
01448
08082
08085
08296
#港股-小盘股
00037
00079
00136
00145
00263
00273
00339
00352
00356
00431
00491
00495
00573
00627
00692
00726
00736
00764
00767
00768
00770
00810
00943
00986
00993
01063
01064
01079
01159
01160
01227
02312
02668
08003
08017
08021
08022
08041
08051
08053
08060
08063
08078
08079
08092
08100
08103
08106
08115
08117
08119
08131
08148
08159
08169
08171
08197
08198
08202
08205
08211
08212
08227
08235
08243
08247
08249
08256
08258
08272
08273
08286
08301
08312
08321
08340
#港股-康健
00080
00397
00566
00653
00745
01019
01046
01063
01082
02324
03886
08021
08081
08086
08100
08120
08250
08255
08260
08326
#港股-壳股
00036
00061
00102
00112
00122
00147
00191
00263
00264
00295
00351
00372
00439
00479
00499
00557
00600
00687
00706
00745
00864
00905
00931
00979
00983
01010
01102
01150
01160
01231
02183
02379
08007
08009
08071
08090
08148
08340
#港股-光大系
00165
00257
01848
06818
#港股-稀土永磁
00164
00358
00769
01208
02346
03833
#港股-移动支付
00139
00327
00763
00818
01385
03315
08083
08106
#港股-智能穿戴
00698
00763
00992
02000
02018
02038
02200
02369
#港股-婴童
00151
01005
01044
01086
01112
01117
01225
01230
01247
01259
01317
01361
01509
01761
02020
02100
02255
02319
06863
#港股-奶制品
01007
01117
01230
01431
01432
01717
02319
06863
#港股-奢侈品
00084
00116
00280
00398
00590
00887
00970
01856
01913
01929
03389
#港股-体育
01361
01368
01661
02020
02309
02331
03322
03818
#港股-物流
00598
00636
01292
01308
01803
03399
06123
08310
08348
#港股-航空
00293
00357
00670
00694
00753
01055
#港股-中广核
01164
01811
01816
#港股-中国建筑系
00081
00688
00830
03311
#港股-中粮系
00207
00506
00606
00906
01610
02319
#港股-中航系
00161
00232
00260
02357
#港股-北京控股系
00154
00371
00384
00392
01250
08247
#港股-她经济
00333
01025
01173
01388
01488
01520
02111
02199
02298
03709
08358
#港股-猪肉概念
00288
01068
01340
01699
#港股-OLED概念
00259
00438
00732
02878
#港股-股权转让
00136
00218
00245
00334
00559
00708
00715
00726
00812
00915
00980
00993
01003
01159
01281
01329
01365
01822
02336
02389
06880
08063
08172
08310
#港股-股权集中
00147
00157
00252
00412
00464
00526
00722
01025
01031
01034
01160
01197
01243
01252
01367
01372
01462
01561
01565
01568
01580
01617
01629
01630
01632
01660
01708
01755
01894
02183
02303
02360
02399
03326
03638
03708
03709
08027
08039
08196
08217
08231
08245
08259
08275
08283
08292
08293
08295
08308
08321
08331
08340
08392
08416
08417
08436
08446
08455
08462
08471
08480
08487
08516
#港股-雄安新区
00371
00581
00882
00925
00956
01065
01265
01281
01918
02009
02333
02868
03323
03333
03382
06166
08067
#港股-海航系
00042
00357
00442
00521
00687
00974
01626
02086
#港股-高供股
00009
00059
00109
00139
00149
00263
00273
00275
00329
00339
00356
00397
00412
00439
00456
00476
00491
00499
00530
00577
00582
00616
00663
00692
00726
00736
00767
00885
00913
00928
00943
00986
00993
01003
01063
01076
01139
01194
01222
01226
01227
01246
01383
02324
02358
08019
08078
08079
08087
08108
08120
08130
08172
08173
08186
08200
08202
08212
08215
08228
08272
08351
#港股-民办教育
00667
00839
01082
01269
01317
01565
01569
01598
01752
01758
01765
01769
01773
01775
01797
01851
01890
01935
01969
02001
02779
03978
06068
06169
08105
08160
08363
08417
#港股-独角兽
00772
01337
01810
01833
02051
02858
03690
03700
06060
06862
#港股-H股全流通
01066
02357
03396
#港股-粤港澳
00059
00123
00144
00560
00604
00760
00978
01113
01313
01330
01355
01383
01638
01813
02007
02039
02202
03333
03380
03383
03399
08191
#港股-华融系
00993
02277
02799
#港股-复星持股
00168
00656
01099
01696
01761
01818
01992
02196
02298
#港股-招商局系
00144
00598
00978
03968
06099
#港股-富士康系
01037
02038
06088
08051
