#三板拟转A股
430002
430011
430017
430037
430057
430071
430141
430142
430174
430178
430229
430338
430346
430369
430405
430432
430459
430462
430476
430478
430489
430500
430505
430515
430532
430555
430581
430642
430662
430674
430682
430738
430746
830777
830783
830793
830799
830819
830821
830837
830849
830866
830881
830885
830886
830894
830925
830931
830940
830965
830970
830978
830985
831010
831019
831052
831063
831067
831068
831099
831102
831129
831137
831142
831152
831173
831178
831185
831213
831243
831274
831284
831317
831344
831370
831373
831376
831378
831392
831397
831417
831450
831475
831507
831540
831562
831603
831608
831628
831641
831647
831688
831697
831710
831719
831768
831822
831839
831866
831873
831888
831890
831891
831906
831918
831929
831954
831971
831981
831988
831996
832000
832003
832023
832027
832041
832063
832086
832089
832131
832184
832188
832219
832238
832255
832257
832265
832334
832340
832344
832367
832372
832388
832419
832422
832432
832461
832462
832513
832532
832554
832563
832566
832584
832585
832599
832622
832651
832666
832684
832694
832707
832709
832715
832737
832800
832802
832804
832814
832853
832861
832862
832884
832898
832899
832938
832946
832950
832953
832958
832960
832964
832978
832982
832992
833014
833137
833157
833252
833260
833263
833291
833300
833310
833330
833340
833346
833371
833377
833414
833429
833465
833474
833491
833523
833548
833566
833573
833585
833629
833637
833640
833645
833656
833664
833684
833719
833742
833755
833770
833790
833827
833831
833851
833888
833896
833900
833977
833994
834003
834013
834021
834062
834069
834137
834166
834178
834179
834195
834243
834261
834278
834299
834312
834342
834376
834418
834489
834520
834607
834613
834620
834639
834641
834656
834662
834718
834720
834770
834779
834793
834845
834859
834892
834915
834978
834990
835124
835196
835197
835212
835265
835387
835409
835476
835490
835572
835637
835666
835679
835681
835723
835776
835839
835842
835888
835939
835941
836014
836019
836024
836054
836084
836099
836106
836125
836155
836159
836188
836261
836262
836302
836312
836346
836366
836379
836391
836531
836618
836619
836650
836651
836665
836709
836717
836888
836926
837008
837009
837029
837112
837129
837198
837199
837205
837344
837480
837606
837663
837679
837706
837724
837747
837878
837920
837938
837939
838053
838107
838163
838244
838275
838381
838455
838641
838701
838705
838724
838795
838936
838966
838982
839063
839097
839122
839371
839706
839719
839724
839729
839734
839803
839858
839942
870046
870156
870168
870193
870210
870213
870245
870399
870432
870447
870466
870624
870644
870892
870982
871196
871329
871392
871728
871814
871860
871870
872337
872859
872952
872953
873121
#科创板达标企业
400011
400036
400038
400059
400062
430002
430005
430011
430017
430071
430074
430127
430136
430141
430173
430208
430225
430277
430369
430405
430515
430539
430581
430674
830777
830793
830799
830806
830866
830881
830899
830904
830970
830986
831049
831063
831173
831184
831200
831243
831265
831284
831321
831344
831365
831370
831392
831450
831475
831507
831511
831550
831562
831568
831608
831628
831647
831688
831693
831697
831710
831791
831822
831832
831866
831888
831891
831999
832144
832231
832337
832357
832372
832399
832422
832432
832462
832494
832495
832517
832559
832602
832666
832709
832715
832737
832793
832800
832804
832862
832898
832899
832912
832929
832950
832970
832982
833044
833157
833171
833183
833221
833260
833266
833302
833371
833374
833442
833474
833493
833499
833502
833563
833656
833663
833741
833745
833755
833757
833790
833819
833836
833840
833858
833880
833888
833896
833979
833994
833997
834003
834013
834020
834021
834089
834090
834117
834134
834151
834166
834178
834179
834195
834214
834237
834278
834295
834296
834299
834327
834342
834344
834368
834384
834385
834414
834420
834469
834520
834613
834617
834618
834637
834678
834713
834715
834720
834777
834790
834793
834795
834797
834802
834815
834839
834909
835092
835097
835109
835147
835185
835223
835265
835281
835300
835351
835359
835368
835387
835409
835483
835574
835705
835723
835813
835877
835879
835961
835987
835990
835995
836012
836019
836021
836058
836077
836099
836113
836190
836257
836324
836379
836433
836521
836531
836650
836701
836801
836810
836926
836964
837009
837069
837182
837212
837233
837254
837302
837322
837375
837470
837480
837498
837500
837524
837538
837567
837638
837679
837736
837778
837796
837893
837894
837938
837940
838006
838053
838163
838195
838410
838413
838455
838600
838750
838830
838883
838966
838982
839010
839122
839181
839242
839264
839706
839734
839737
839797
839942
839955
870120
870144
870190
870285
870382
870399
870447
870488
870510
870593
871091
871099
871177
871223
871284
871326
871541
871728
871818
872034
872087
872186
872200
872238
872386
872595
872665
872777
#三板成指成分股
430005
430009
430017
430019
430021
430034
430038
430042
430046
430047
430051
430052
430056
430060
430062
430070
430073
430074
430075
430076
430080
430081
430084
430090
430091
430097
430109
430120
430124
430139
430140
430143
430156
430159
430161
430165
430168
430173
430174
430175
430177
430178
430198
430208
430211
430215
430216
430217
430222
430223
430224
430225
430229
430234
430236
430238
430254
430258
430260
430262
430265
430267
430271
430274
430276
430277
430283
430290
430300
430318
430323
430330
430334
430335
430338
430344
430346
430347
430353
430356
430358
430359
430365
430369
430374
430375
430376
430377
430382
430385
430387
430394
430397
430405
430408
430412
430418
430421
430428
430430
430432
430435
430440
430447
430455
430459
430460
430461
430462
430463
430465
430467
430470
430476
430482
430483
430485
430488
430489
430492
430497
430504
430508
430510
430513
430514
430516
430523
430524
430527
430534
430549
430552
430555
430556
430558
430566
430570
430573
430576
430578
430579
430582
430588
430590
430592
430595
430601
430607
430609
430620
430621
430623
430629
430638
430646
430651
430653
430659
430661
430675
430680
430682
430690
430706
430714
430719
430724
430742
430746
430755
430762
830771
830779
830781
830782
830783
830796
830798
830806
830809
830813
830815
830818
830821
830829
830830
830832
830833
830837
830839
830843
830845
830846
830849
830852
830855
830860
830870
830872
830875
830879
830881
830882
830884
830885
830886
830891
830894
830899
830904
830908
830918
830920
830921
830928
830931
830933
830938
830940
830942
830944
830946
830947
830955
830964
830966
830969
830970
830972
830974
830986
830988
830990
830992
830999
831010
831019
831023
831025
831026
831029
831030
831034
831036
831039
831045
831049
831053
831057
831062
831063
831067
831068
831074
831078
831083
831084
831092
831093
831095
831098
831099
831100
831101
831107
831108
831114
831116
831118
831122
831128
831129
831131
831136
831140
831142
831150
831151
831152
831169
831171
831175
831176
831177
831184
831190
831193
831194
831195
831198
831201
831203
831207
831216
831235
831237
831240
831242
831243
831248
831252
831253
831265
831269
831272
831274
831276
831278
831284
831287
831289
831294
831297
831299
831305
831311
831321
831323
831325
831327
831337
831338
831345
831353
831354
831355
831357
831359
831367
831370
831378
831380
831385
831387
831394
831395
831396
831397
831398
831402
831406
831413
831415
831431
831433
831439
831445
831463
831470
831475
831490
831491
831492
831496
831503
831511
831512
831513
831518
831527
831529
831546
831550
831555
831557
831562
831564
831565
831576
831583
831585
831588
831591
831593
831595
831601
831603
831607
831608
831611
831614
831620
831621
831626
831633
831634
831635
831640
831641
831643
831657
831662
831670
831672
831675
831677
831689
831691
831693
831697
831698
831699
831701
831702
831705
831710
831711
831718
831725
831727
831730
831732
831737
831742
831743
831746
831754
831755
831758
831766
831768
831770
831787
831788
831793
831794
831804
831810
831821
831828
831829
831832
831844
831846
831852
831855
831856
831860
831866
831872
831873
831878
831879
831890
831891
831893
831895
831898
831900
831907
831915
831918
831922
831928
831929
831934
831940
831941
831942
831943
831945
831952
831957
831961
831964
831969
831978
831981
831988
831991
831996
831999
832003
832004
832007
832008
832010
832014
832017
832018
832021
832023
832025
832026
832027
832028
832035
832040
832041
832050
832054
832056
832060
832061
832063
832069
832070
832071
832075
832076
832077
832080
832081
832083
832086
832089
832094
832095
832105
832107
832108
832110
832111
832113
832114
832115
832117
832120
832126
832130
832133
832135
832136
832138
832139
832141
832144
832145
832149
832171
832175
832184
832185
832195
832196
832208
832214
832219
832223
832230
832231
832236
832238
832239
832246
832250
832254
832255
832263
832265
832266
832272
832276
832278
832283
832289
832292
832297
832298
832305
832308
832309
832315
832316
832317
832325
832327
832329
832334
832337
832341
832344
832350
832357
832359
832367
832372
832373
832377
832379
832390
832394
832395
832397
832398
832399
832401
832412
832419
832422
832424
832432
832436
832439
832444
832447
832449
832452
832455
832458
832459
832463
832465
832467
832469
832470
832471
832476
832480
832481
832486
832488
832491
832494
832495
832499
832502
832505
832507
832517
832518
832522
832524
832528
832532
832534
832545
832546
832547
832558
832566
832567
832568
832570
832571
832574
832579
832584
832585
832586
832602
832606
832616
832620
832624
832637
832641
832645
832646
832648
832651
832653
832657
832661
832665
832667
832673
832684
832693
832695
832699
832705
832707
832709
832710
832714
832715
832718
832722
832724
832727
832730
832735
832737
832739
832743
832754
832763
832773
832774
832783
832786
832792
832794
832802
832804
832806
832814
832816
832836
832839
832852
832853
832859
832861
832862
832873
832881
832885
832896
832898
832902
832910
832912
832915
832916
832917
832918
832920
832924
832927
832929
832942
832950
832954
832956
832958
832960
832964
832966
832968
832970
832971
832978
832982
832987
832989
832990
832992
832996
833004
833006
833011
833016
833030
833032
833035
833036
833037
833041
833043
833044
833047
833059
833063
833073
833075
833082
833098
833118
833124
833132
833137
833146
833151
833155
833158
833159
833171
833175
833176
833179
833181
833183
833186
833187
833197
833205
833217
833218
833221
833222
833226
833227
833234
833238
833239
833250
833252
833255
833260
833263
833266
833275
833282
833284
833286
833288
833290
833291
833295
833300
833302
833306
833308
833310
833311
833315
833319
833330
833331
833332
833339
833340
833341
833346
833351
833365
833374
833377
833379
833385
833386
833391
833393
833402
833414
833423
833429
833430
833434
833440
833442
833444
833450
833457
833462
833464
833474
833477
833478
833480
833481
833482
833491
833493
833495
833499
833503
833509
833517
833523
833524
833526
833530
833531
833532
833533
833541
833547
833548
833552
833555
833559
833560
833566
833570
833575
833576
833585
833586
833590
833604
833608
833609
833619
833624
833628
833629
833631
833632
833637
833644
833649
833653
833654
833658
833662
833663
833664
833665
833675
833676
833678
833681
833682
833684
833694
833697
833707
833711
833722
833727
833733
833735
833737
833741
833742
833745
833755
833764
833767
833768
833770
833772
833778
833784
833786
833795
833804
833807
833809
833818
833819
833822
833825
833827
833835
833836
833839
833842
833849
833851
833855
833861
833864
833873
833874
833888
833896
833899
833903
833907
833908
833930
833932
833934
833939
833943
833953
833954
833960
833963
833966
833972
833979
833988
833994
833997
834003
834010
834014
834016
834019
834021
834041
834043
834044
834048
834049
834062
834063
834067
834068
834069
834081
834082
834095
834102
834106
834117
834118
834122
834132
834134
834149
834151
834155
834156
834162
834166
834176
834179
834182
834187
834189
834203
834209
834211
834214
834217
834218
834219
834222
834223
834224
834231
834234
834237
834240
834243
834255
834260
834261
834262
834278
834283
834290
834295
834296
834303
834306
834314
834315
834316
834319
834327
834335
834344
834345
834346
834347
834365
834373
834376
834385
834387
834388
834401
834406
834414
834415
834416
834418
834420
834425
834428
834429
834440
834452
834465
834467
834468
834469
834470
834476
834486
834489
834496
834498
834511
834520
834533
834534
834536
834538
834549
834553
834559
834562
834567
834568
834572
834584
834587
834588
834591
834594
834599
834611
834613
834616
834617
834618
834623
834626
834628
834630
834631
834637
834639
834641
834643
834648
834661
834678
834679
834682
834683
834687
834693
834702
834703
834707
834713
834715
834718
834728
834729
834732
834737
834738
834741
834762
834765
834767
834770
834772
834777
834785
834790
834791
834795
834797
834802
834803
834814
834815
834824
834827
834845
834846
834849
834857
834859
834874
834876
834882
834886
834898
834902
834909
834911
834913
834916
834919
834928
834948
834952
834974
834978
834982
834983
834990
835002
835015
835017
835019
835020
835027
835033
835035
835051
835063
835066
835067
835068
835070
835077
835084
835086
835091
835092
835093
835094
835097
835106
835109
835126
835133
835136
835141
835147
835159
835161
835174
835179
835181
835184
835185
835190
835192
835196
835205
835207
835213
835217
835218
835223
835231
835256
835257
835258
835259
835262
835265
835281
835283
835291
835298
835300
835302
835303
835305
835322
835342
835343
835351
835354
835359
835361
835368
835381
835384
835387
835391
835395
835401
835409
835412
835414
835425
835429
835431
835438
835445
835450
835452
835454
835457
835462
835474
835483
835490
835491
835501
835512
835521
835528
835532
835539
835540
835542
835544
835545
835556
835558
835563
835564
835568
835572
835579
835590
835599
835611
835621
835622
835623
835634
835640
835641
835647
835654
835663
835666
835667
835670
835679
835680
835692
835718
835721
835723
835729
835735
835757
835762
835785
835787
835788
835795
835798
835800
835801
835818
835839
835842
835849
835859
835860
835877
835879
835881
835888
835894
835907
835911
835912
835922
835924
835927
835940
835941
835947
835948
835961
835966
835968
835983
835985
835987
835990
835995
836001
836008
836011
836012
836014
836021
836027
836030
836032
836033
836036
836042
836052
836058
836066
836077
836078
836079
836089
836090
836106
836108
836112
836113
836127
836129
836131
836149
836151
836153
836155
836159
836172
836183
836188
836190
836213
836226
836228
836232
836248
836257
836261
836262
836263
836266
836267
836273
836275
836281
836286
836302
836318
836327
836328
836330
836339
836344
836346
836347
836348
836350
836361
836366
836373
836391
836392
836399
836400
836419
836426
836433
836435
836455
836460
836466
836473
836502
836504
836509
836521
836529
836531
836534
836552
836581
836584
836589
836590
836594
836597
836610
836612
836619
836624
836643
836645
836650
836651
836653
836668
836674
836675
836680
836686
836688
836689
836690
836697
836709
836717
836718
836724
836734
836741
836759
836769
836777
836780
836781
836785
836792
836800
836801
836802
836809
836810
836812
836813
836823
836825
836836
836848
836853
836859
836870
836874
836885
836907
836911
836916
836918
836930
836941
836942
836964
836976
836989
837006
837009
837012
837014
837018
837022
837023
837044
837045
837052
837062
837069
837090
837092
837108
837112
837118
837128
837133
837138
837144
837153
837181
837182
837183
837193
837212
837217
837233
837242
837249
837254
837259
837276
837291
837299
837302
837303
837319
837321
837322
837324
837331
837333
837345
837353
837368
837372
837375
837396
837416
837422
837424
837425
837429
837442
837459
837461
837480
837492
837498
837500
837503
837506
837510
837512
837521
837526
837529
837538
837567
837578
837592
837593
837597
837599
837600
837601
837602
837611
837622
837626
837627
837639
837666
837673
837674
837679
837692
837736
837740
837745
837747
837761
837762
837770
837778
837784
837786
837795
837796
837801
837833
837835
837836
837840
837851
837855
837856
837857
837865
837882
837891
837893
837894
837896
837899
837920
837929
837935
837939
837940
837941
837955
837961
837962
838006
838030
838033
838050
838053
838082
838104
838115
838122
838138
838140
838146
838163
838176
838195
838210
838224
838244
838246
838257
838263
838265
838267
838275
838282
838292
838293
838317
838324
838337
838344
838349
838351
838364
838369
838379
838381
838394
838399
838410
838411
838413
838425
838428
838443
838455
838460
838463
838464
838468
838476
838483
838484
838517
838523
838526
838531
838537
838543
838545
838549
838560
838561
838564
838570
838571
838593
838600
838606
838607
838613
838650
838651
838665
838670
838685
838694
838696
838699
838701
838705
838708
838724
838750
838753
838775
838795
838802
838810
838817
838823
838830
838857
838858
838877
838883
838909
838911
838922
838924
838934
838936
838941
838943
838944
838951
838952
838958
838971
838972
838975
838978
838980
838981
838982
838988
838989
838994
839009
839010
839020
839027
839030
839032
839038
839044
839077
839085
839093
839120
839121
839122
839123
839133
839135
839140
839143
839146
839149
839158
839163
839164
839181
839194
839202
839204
839211
839213
839224
839229
839230
839242
839258
839259
839264
839271
839272
839275
839276
839284
839295
839296
839302
839306
839316
839321
839327
839344
839358
839376
839386
839391
839399
839408
839411
839417
839432
839439
839448
839450
839452
839459
839482
839483
839493
839501
839502
839507
839520
839561
839566
839567
839584
839600
839607
839610
839639
839640
839644
839646
839655
839664
839666
839674
839678
839679
839680
839682
839702
839706
839718
839723
839729
839734
839737
839742
839750
839759
839765
839768
839774
839777
839782
839790
839797
839798
839803
839808
839813
839816
839818
839820
839826
839838
839864
839868
839874
839884
839885
839893
839898
839911
839913
839926
839928
839930
839937
839939
839940
839942
839946
839949
839951
839952
839955
839960
839977
839984
839985
870001
870009
870013
870016
870036
870037
870040
870043
870046
870049
870055
870080
870120
870122
870139
870140
870144
870157
870162
870164
870168
870170
870171
870177
870190
870193
870213
870227
870229
870231
870240
870241
870243
870257
870269
870270
870285
870309
870336
870338
870339
870345
870348
870381
870382
870404
870419
870429
870431
870436
870438
870447
870455
870478
870479
870488
870509
870510
870512
870517
870530
870550
870558
870577
870591
870592
870594
870604
870614
870631
870632
870643
870645
870650
870669
870685
870689
870692
870702
870705
870706
870711
870714
870720
870725
870728
870752
870773
870777
870785
870790
870805
870809
870821
870830
870837
870840
870847
870849
870851
870859
870869
870872
870881
870882
870889
870890
870903
870906
870908
870915
870928
870930
870958
870965
870982
870984
871002
871018
871019
871033
871056
871069
871081
871084
871091
871099
871122
871129
871139
871144
871149
871172
871177
871182
871186
871188
871195
871201
871215
871219
871223
871231
871236
871248
871250
871253
871255
871272
871281
871285
871298
871314
871326
871327
871329
871337
871346
871350
871376
871396
871429
871453
871462
871481
871510
871540
871541
871542
871543
871546
871547
871553
871556
871561
871565
871575
871588
871621
871622
871628
871631
871636
871642
871644
871655
871660
871667
871671
871696
871699
871703
871710
871717
871732
871741
871758
871759
871798
871814
871818
871833
871836
871856
871860
871874
871879
871912
871927
871934
871942
871956
871970
871973
872018
872034
872045
872049
872061
872068
872087
872099
872102
872109
872123
872132
872139
872149
872165
872166
872170
872186
872199
872200
872210
872211
872219
872222
872238
872242
872244
872265
872284
872322
872351
872366
872374
872380
872386
872387
872420
872440
872446
872461
872505
872507
872516
872521
872568
872665
872704
872707
872731
872745
872748
872767
872775
872776
872777
872795
872807
872812
872820
872827
872871
872882
872913
872946
872957
872972
872985
872987
873008
873041
873049
873087
873089
873130
873151
873187
873235
873250
#三板做市成分股
430021
430046
430051
430062
430074
430075
430084
430097
430120
430124
430139
430140
430165
430174
430208
430211
430222
430223
430225
430234
430236
430238
430276
430300
430318
430330
430335
430347
430353
430356
430358
430374
430375
430376
430377
430382
430394
430408
430418
430428
430430
430460
430462
430476
430482
430485
430489
430497
430555
430556
430558
430578
430582
430595
430607
430609
430620
430623
430646
430675
430680
430714
430737
430755
830771
830779
830806
830809
830815
830818
830821
830828
830830
830833
830837
830843
830855
830879
830881
830899
830931
830933
830936
830938
830944
830958
830966
830974
830988
830990
830999
831019
831029
831039
831045
831049
831068
831114
831118
831129
831171
831175
831177
831190
831242
831248
831253
831265
831276
831287
831294
831299
831305
831311
831323
831327
831345
831353
831354
831378
831385
831387
831439
831445
831496
831503
831513
831527
831546
831550
831562
831564
831565
831583
831601
831604
831620
831643
831662
831698
831705
831710
831711
831725
831737
831743
831844
831852
831873
831878
831890
831900
831928
831940
831941
831945
831961
831972
832008
832014
832023
832026
832028
832041
832056
832060
832069
832077
832120
832132
832135
832138
832139
832149
832175
832184
832208
832236
832238
832250
832263
832297
832308
832317
832325
832327
832329
832341
832379
832390
832397
832399
832439
832449
832455
832470
832471
832499
832502
832522
832524
832566
832571
832579
832585
832586
832645
832650
832657
832705
832710
832735
832743
832773
832786
832806
832854
832859
832898
832971
832989
833004
833075
833132
833176
833183
833186
833205
833266
833282
833290
833295
833311
833330
833331
833379
833402
833442
833482
833503
833517
833586
833624
833649
833658
833665
833682
833684
833694
833767
833770
833819
833832
833874
833960
833972
834048
834082
834117
834240
834255
834295
834303
834415
834509
834511
834534
834549
834553
834611
834626
834683
834693
834718
834729
834732
834791
834849
834909
834996
835033
835067
835092
835136
835184
835185
835343
835381
835483
835539
835579
835692
836030
836042
836052
836125
836226
836232
836263
836346
836466
836653
836800
836885
837062
837182
837212
837333
837422
837498
837784
837920
838006
838053
838810
838972
839056
839143
839264
839271
839483
839655
839951
839955
839960
870040
870171
870231
870381
870720
871942
872087
872166
872351
#创新成指
430005
430021
430037
430046
430051
430074
430075
430097
430120
430127
430139
430140
430141
430159
430173
430174
430198
430208
430211
430222
430225
430236
430260
430267
430300
430318
430330
430335
430353
430356
430374
430376
430377
430383
430394
430405
430418
430432
430455
430459
430462
430489
430505
430508
430555
430556
430578
430595
430607
430659
430675
430680
430682
430714
430742
830777
830793
830815
830818
830830
830833
830837
830845
830855
830866
830879
830881
830894
830899
830933
830938
830944
830966
830974
830978
830993
830999
831049
831053
831057
831067
831083
831099
831108
831114
831129
831140
831142
831175
831177
831187
831207
831235
831242
831243
831248
831253
831274
831276
831278
831287
831299
831305
831311
831344
831345
831353
831354
831370
831378
831385
831475
831486
831496
831512
831513
831546
831550
831557
831562
831568
831576
831583
831601
831603
831614
831628
831672
831675
831688
831697
831698
831710
831711
831725
831776
831866
831873
831888
831890
831900
831940
831943
831961
831981
831999
832007
832026
832028
832041
832060
832063
832075
832080
832086
832108
832126
832132
832133
832135
832139
832149
832175
832184
832188
832196
832230
832255
832265
832276
832283
832297
832317
832325
832329
832390
832398
832399
832422
832432
832455
832491
832522
832532
832533
832566
832571
832579
832586
832602
832616
832645
832666
832705
832707
832735
832773
832783
832786
832792
832800
832802
832814
832859
832898
832910
832927
832929
832950
832953
832958
832960
832971
832978
832982
833014
833047
833132
833183
833186
833197
833222
833266
833288
833292
833300
833311
833374
833379
833414
833423
833442
833482
833503
833517
833532
833559
833623
833624
833631
833644
833658
833682
833684
833694
833742
833755
833757
833770
833790
833819
833827
833833
833840
833874
833896
833960
833972
834013
834019
834020
834021
834082
834102
834134
834156
834179
834209
834240
834255
834303
834342
834385
834415
834425
834428
834476
834489
834496
834498
834534
834616
834618
834631
834641
834678
834682
834683
834713
834720
834729
834770
834793
834802
834803
834832
834845
834898
835033
835092
835184
835185
835197
835212
835217
835265
835298
835359
835368
835381
835387
835401
835425
835483
835538
835572
835611
835902
835911
835961
835990
835995
836052
836108
836116
836183
836190
836263
836330
836346
836433
836455
836460
836529
836583
836589
836610
836645
836686
836709
836734
836792
836800
836801
836813
837160
837181
837249
837321
837353
837472
837498
837500
837567
837665
837747
837796
837935
837939
838030
838053
838163
838265
838317
838349
838413
838517
838526
838570
838650
838696
838777
838830
838924
839135
839149
839202
839242
839264
839271
839275
839284
839295
839483
839639
839646
839729
839737
839797
839816
839884
839951
870190
870257
870510
870614
870643
870706
870725
870773
870984
871177
871195
871326
871370
871481
871543
872049
872087
872186
#三板龙头
430174
430223
430225
430335
830777
830950
831029
831080
831791
831873
831891
831900
831971
833371
833503
833517
833737
833741
833772
834090
834178
834179
834489
834616
834718
834793
834896
835092
835124
835222
835281
835483
835679
835776
836361
836930
837736
838006
838830
839121
839201
839264
839977
870046
870453
870643
870890
871460
871644
871658
872087
#三板制造
430017
430019
430038
430075
430088
430175
430198
430234
430276
430328
430479
430549
430556
430596
430755
830771
830815
830879
831002
831073
831175
831186
831251
831274
831330
831392
831394
831509
831793
831895
831961
832004
832276
832423
832432
832447
832460
832491
832502
832602
832606
832735
832770
832992
833047
833135
833221
833290
833330
833331
833426
833659
833682
833684
833768
833839
833972
834298
834520
834713
834804
834839
834997
835004
835190
835351
835490
835572
835627
835633
835820
835911
836888
837611
837638
837891
837920
838168
839729
839805
870209
870269
870348
870790
870869
870930
870976
871018
872320
872496
872825
#三板服务
430021
430046
430051
430066
430071
430076
430077
430086
430120
430127
430137
430161
430169
430177
430178
430191
430208
430229
430238
430319
430325
430330
430368
430374
430437
430449
430467
430601
430609
430613
430630
430638
430642
430657
830799
830845
830866
830892
830972
830978
831016
831030
831049
831071
831083
831185
831194
831317
831346
831396
831402
831413
831428
831529
831546
831557
831583
831585
831601
831607
831608
831631
831751
831823
831829
831937
832028
832086
832135
832144
832171
832282
832296
832325
832367
832422
832584
832624
832638
832643
832715
832722
832773
832781
832800
832828
833029
833030
833096
833175
833181
833205
833252
833339
833377
833534
833568
833629
833683
833711
833849
833870
834046
834048
834054
834084
834136
834156
834195
834218
834255
834376
834385
834473
834596
834613
834722
834741
834762
834785
834791
834832
834877
834911
835013
835067
835184
835303
835305
835331
835670
835759
835924
836014
836019
836188
836311
836521
836581
836598
836659
837014
837069
837592
837599
837762
837929
837979
838227
838230
838413
838470
838699
838966
839036
839038
839333
839376
839493
839680
839885
839951
870036
870650
870705
870785
870840
870902
871198
872139
872516
872953
#三板医药
430017
430175
430369
830931
831186
831193
831265
831271
831793
831878
832083
832126
832265
832276
832353
832735
832996
833211
833266
833330
833624
833833
834239
834258
834298
834383
834804
834839
834915
835033
835037
835265
835346
835572
835627
835877
835911
836315
836813
837344
838641
839615
839729
870526
870625
870773
871129
871897
872320
872683
#三板消费
430217
430223
430293
430370
430383
430532
430593
430666
430728
430730
430733
430747
830828
830837
830896
830923
830929
831015
831102
831118
831150
831178
831204
831278
831290
831292
831336
831439
831445
831568
831603
831641
831725
831726
831891
831898
832000
832023
832050
832076
832130
832151
832181
832305
832334
832419
832432
832506
832559
832588
832599
832672
832684
832698
832737
832803
832873
832898
832978
833016
833082
833137
833146
833429
833442
833482
833503
833585
833627
833632
833663
833707
833737
833784
833810
833865
833874
834044
834086
834224
834260
834319
834471
834509
834620
834687
834689
834729
834765
834793
834795
834886
835056
835073
835104
835109
835146
835208
835474
835491
835623
835735
835818
835842
835910
835914
835939
835948
835959
836155
836227
836247
836305
836374
836385
836405
836416
836531
836701
836860
836864
837009
837023
837108
837151
837191
837199
837215
837233
837242
837472
837491
837581
837582
837629
837639
837647
837674
837736
837742
838171
838200
838236
838243
838262
838275
838443
838464
838530
838649
838680
838820
838830
838905
838945
838989
839024
839197
839241
839242
839358
839463
839622
839698
839706
839756
839797
839808
839840
839884
870001
870104
870120
870122
870156
870171
870178
870257
870292
870372
870618
870713
870774
870781
870968
870982
871247
871654
871720
871740
871860
871967
871992
872037
872420
872475
872560
872706
872987
873107
#三板研发
430002
430005
430011
430021
430051
430066
430071
430127
430139
430177
430376
430630
430657
830771
830815
830866
830881
830931
830978
831265
831284
831385
831402
831413
831550
831601
831608
831628
831688
831710
831888
831928
832135
832149
832327
832397
832422
832432
832462
832502
832624
832715
832722
832800
832924
833030
833175
833181
833221
833330
833444
833526
833547
833645
833656
833684
833711
833719
833831
833839
833994
834115
834156
834195
834218
834261
834278
834295
834299
834385
834607
834639
834682
834785
834793
835067
835185
835302
835579
835985
836019
836188
836286
836333
836598
837069
837567
837704
838463
838699
838750
839729
839821
839951
871282
871860
871976
872122
872801
873083
#三板活跃
430005
430021
430074
430208
430223
430225
430394
430462
430609
830806
830809
830881
830931
830933
831049
831063
831550
831562
831710
831890
831891
832026
832028
832080
832297
832397
832399
832422
832715
832898
832950
833183
833330
833499
833684
833694
833819
834082
834295
834534
834777
834909
835092
835185
835368
837375
837567
838006
839951
839955
